-0.000,480.000,561.000,2047.000
-0.000,481.000,561.000,2047.000
-0.000,482.000,561.000,2047.000
-0.000,483.000,561.000,2047.000
-0.000,484.000,561.000,2047.000
-0.000,484.000,561.000,2047.000
-0.000,485.000,561.000,2047.000
-0.000,485.000,561.000,2047.000
-0.000,486.000,561.000,2047.000
-0.000,486.000,561.000,2047.000
-0.000,487.000,561.000,2047.000
-0.000,487.000,561.000,2047.000
-0.000,487.000,561.000,2047.000
-0.000,488.000,561.000,2047.000
-0.000,488.000,561.000,2047.000
-0.000,488.000,561.000,2047.000
-0.000,488.000,561.000,2047.000
-0.000,488.000,561.000,2047.000
-0.000,488.000,561.000,2047.000
-0.000,488.000,561.000,2047.000
-0.000,488.000,561.000,2047.000
-0.000,488.000,561.000,2047.000
-0.000,488.000,561.000,2047.000
-0.000,488.000,561.000,2047.000
-0.000,488.000,561.000,2047.000
-0.000,488.000,561.000,2047.000
-0.000,487.000,561.000,2047.000
-0.000,487.000,561.000,2047.000
-0.000,487.000,561.000,2047.000
-0.000,487.000,561.000,2047.000
-0.000,486.000,561.000,2047.000
-0.000,486.000,561.000,2047.000
-0.000,486.000,561.000,2047.000
-0.000,486.000,561.000,2047.000
-0.000,485.000,561.000,2047.000
-0.000,485.000,561.000,2047.000
-0.000,484.000,561.000,2047.000
-0.000,483.000,561.000,2047.000
-0.000,483.000,561.000,2047.000
-0.000,482.000,561.000,2047.000
-0.000,481.000,561.000,2047.000
-0.000,480.000,561.000,2047.000
-0.000,480.000,561.000,2047.000
-0.000,478.000,561.000,2047.000
-0.000,478.000,561.000,2047.000
-0.000,477.000,561.000,2047.000
-0.000,476.000,561.000,2047.000
-0.000,475.000,561.000,2047.000
-0.000,474.000,561.000,2047.000
-0.000,473.000,561.000,2047.000
-0.000,472.000,561.000,2047.000
-0.000,471.000,561.000,2047.000
-0.000,469.000,561.000,2047.000
-0.000,468.000,561.000,2047.000
-0.000,467.000,561.000,2047.000
24.414,466.000,561.000,2047.000
24.414,464.000,561.000,2047.000
73.242,464.000,561.000,2047.000
73.242,462.000,561.000,2047.000
117.187,461.000,561.000,2047.000
117.187,459.000,561.000,2047.000
166.016,458.000,561.000,2047.000
166.016,457.000,561.000,2047.000
214.844,455.000,561.000,2047.000
214.844,454.000,561.000,2047.000
258.789,453.000,561.000,2047.000
258.789,452.000,561.000,2047.000
302.734,451.000,561.000,2047.000
302.734,450.000,561.000,2047.000
341.797,449.000,561.000,2047.000
341.797,448.000,561.000,2047.000
375.977,446.000,561.000,2047.000
375.977,445.000,561.000,2047.000
410.156,444.000,561.000,2047.000
410.156,443.000,561.000,2047.000
449.219,441.000,561.000,2047.000
449.219,440.000,561.000,2047.000
493.164,439.000,561.000,2047.000
493.164,437.000,561.000,2047.000
537.109,436.000,561.000,2047.000
537.109,435.000,561.000,2047.000
571.289,434.000,561.000,2047.000
571.289,433.000,561.000,2047.000
595.703,433.000,561.000,2047.000
595.703,433.000,561.000,2047.000
600.586,433.000,561.000,2047.000
600.586,434.000,561.000,2047.000
576.172,436.000,561.000,2047.000
576.172,439.000,561.000,2047.000
493.164,442.000,561.000,2047.000
493.164,446.000,561.000,2047.000
356.445,449.000,561.000,2047.000
356.445,452.000,561.000,2047.000
229.492,454.000,561.000,2047.000
229.492,455.000,561.000,2047.000
136.719,456.000,561.000,2047.000
136.719,457.000,561.000,2047.000
97.656,457.000,561.000,2047.000
97.656,457.000,561.000,2047.000
83.008,457.000,561.000,2047.000
83.008,457.000,561.000,2047.000
78.125,457.000,561.000,2047.000
78.125,457.000,561.000,2047.000
78.125,458.000,561.000,2047.000
78.125,458.000,561.000,2047.000
63.477,459.000,561.000,2047.000
63.477,461.000,561.000,2047.000
19.531,463.000,561.000,2047.000
19.531,465.000,561.000,2047.000
-0.000,468.000,561.000,2047.000
-0.000,470.000,561.000,2047.000
-0.000,472.000,497.000,0.000
-0.000,474.000,497.000,0.000
-0.000,475.000,497.000,2047.000
-0.000,477.000,497.000,2047.000
-0.000,478.000,497.000,2047.000
-0.000,479.000,497.000,2047.000
-0.000,480.000,497.000,2047.000
-0.000,481.000,497.000,2047.000
-0.000,481.000,497.000,2047.000
-0.000,482.000,497.000,2047.000
-0.000,482.000,497.000,2047.000
-0.000,483.000,497.000,2047.000
-0.000,484.000,497.000,2047.000
-0.000,484.000,497.000,2047.000
-0.000,485.000,497.000,2047.000
-0.000,486.000,497.000,2047.000
-0.000,487.000,497.000,2047.000
-0.000,488.000,497.000,2047.000
-0.000,488.000,497.000,2047.000
-0.000,489.000,497.000,2047.000
-0.000,489.000,497.000,2047.000
-0.000,490.000,497.000,2047.000
-0.000,490.000,497.000,2047.000
-0.000,490.000,497.000,2047.000
-0.000,491.000,497.000,2047.000
-0.000,491.000,497.000,2047.000
-0.000,492.000,497.000,2047.000
-0.000,492.000,497.000,2047.000
-0.000,492.000,497.000,2047.000
-0.000,492.000,497.000,2047.000
-0.000,493.000,497.000,2047.000
-0.000,493.000,497.000,2047.000
-0.000,493.000,497.000,2047.000
-0.000,492.000,497.000,2047.000
-0.000,492.000,497.000,2047.000
-0.000,492.000,497.000,2047.000
-0.000,492.000,497.000,2047.000
-0.000,491.000,497.000,2047.000
-0.000,491.000,497.000,2047.000
-0.000,490.000,497.000,2047.000
-0.000,489.000,497.000,2047.000
-0.000,488.000,497.000,2047.000
-0.000,488.000,497.000,2047.000
-0.000,487.000,497.000,2047.000
-0.000,487.000,497.000,2047.000
-0.000,486.000,497.000,2047.000
-0.000,486.000,497.000,2047.000
-0.000,485.000,497.000,2047.000
-0.000,484.000,497.000,2047.000
-0.000,484.000,497.000,2047.000
-0.000,483.000,497.000,2047.000
-0.000,483.000,497.000,2047.000
-0.000,482.000,497.000,2047.000
-0.000,481.000,497.000,2047.000
-0.000,481.000,497.000,2047.000
-0.000,480.000,497.000,2047.000
-0.000,479.000,497.000,2047.000
-0.000,479.000,497.000,2047.000
-0.000,478.000,497.000,2047.000
-0.000,477.000,497.000,2047.000
-0.000,476.000,497.000,2047.000
-0.000,475.000,497.000,2047.000
-0.000,475.000,497.000,2047.000
-0.000,474.000,497.000,2047.000
-0.000,473.000,497.000,2047.000
-0.000,472.000,497.000,2047.000
-0.000,471.000,497.000,2047.000
-0.000,471.000,497.000,2047.000
24.414,470.000,497.000,2047.000
24.414,469.000,497.000,2047.000
53.711,468.000,497.000,2047.000
53.711,467.000,497.000,2047.000
83.008,467.000,497.000,2047.000
83.008,466.000,497.000,2047.000
112.305,465.000,497.000,2047.000
112.305,464.000,497.000,2047.000
146.484,463.000,497.000,2047.000
146.484,462.000,497.000,2047.000
180.664,461.000,497.000,2047.000
180.664,460.000,497.000,2047.000
214.844,459.000,497.000,2047.000
214.844,458.000,497.000,2047.000
249.023,457.000,497.000,2047.000
249.023,456.000,497.000,2047.000
278.320,455.000,497.000,2047.000
278.320,454.000,497.000,2047.000
307.617,453.000,497.000,2047.000
307.617,452.000,497.000,2047.000
341.797,451.000,497.000,2047.000
341.797,450.000,497.000,2047.000
375.977,449.000,497.000,2047.000
375.977,448.000,497.000,2047.000
410.156,447.000,497.000,2047.000
410.156,446.000,497.000,2047.000
444.336,444.000,497.000,2047.000
444.336,443.000,497.000,2047.000
488.281,441.000,497.000,2047.000
488.281,439.000,497.000,2047.000
541.992,437.000,497.000,2047.000
541.992,435.000,497.000,2047.000
605.469,434.000,497.000,2047.000
605.469,432.000,497.000,2047.000
664.062,430.000,497.000,2047.000
664.062,429.000,497.000,2047.000
712.891,427.000,497.000,2047.000
712.891,427.000,497.000,2047.000
751.953,426.000,497.000,2047.000
751.953,426.000,497.000,2047.000
761.719,425.000,497.000,2047.000
761.719,426.000,497.000,2047.000
747.070,427.000,497.000,2047.000
747.070,428.000,497.000,2047.000
703.125,430.000,497.000,2047.000
703.125,432.000,497.000,2047.000
625.000,434.000,497.000,2047.000
625.000,436.000,497.000,2047.000
532.227,438.000,497.000,2047.000
532.227,439.000,497.000,2047.000
449.219,441.000,497.000,2047.000
449.219,442.000,497.000,2047.000
380.859,443.000,497.000,2047.000
380.859,444.000,497.000,2047.000
332.031,445.000,497.000,2047.000
332.031,446.000,497.000,2047.000
297.852,446.000,497.000,2047.000
297.852,447.000,497.000,2047.000
263.672,447.000,497.000,2047.000
263.672,448.000,497.000,2047.000
229.492,449.000,497.000,2047.000
229.492,451.000,497.000,2047.000
185.547,452.000,497.000,2047.000
185.547,454.000,497.000,2047.000
122.070,456.000,497.000,2047.000
122.070,458.000,497.000,2047.000
43.945,461.000,497.000,2047.000
43.945,463.000,497.000,2047.000
-0.000,465.000,497.000,2047.000
-0.000,467.000,497.000,2047.000
-0.000,469.000,553.000,0.000
-0.000,470.000,553.000,0.000
-0.000,472.000,553.000,2047.000
-0.000,473.000,553.000,2047.000
-0.000,474.000,553.000,2047.000
-0.000,475.000,553.000,2047.000
-0.000,476.000,553.000,2047.000
-0.000,477.000,553.000,2047.000
-0.000,478.000,553.000,2047.000
-0.000,478.000,553.000,2047.000
-0.000,479.000,553.000,2047.000
-0.000,480.000,553.000,2047.000
-0.000,481.000,553.000,2047.000
-0.000,481.000,553.000,2047.000
-0.000,482.000,553.000,2047.000
-0.000,482.000,553.000,2047.000
-0.000,483.000,553.000,2047.000
-0.000,483.000,553.000,2047.000
-0.000,483.000,553.000,2047.000
-0.000,484.000,553.000,2047.000
-0.000,484.000,553.000,2047.000
-0.000,484.000,553.000,2047.000
-0.000,484.000,553.000,2047.000
-0.000,485.000,553.000,2047.000
-0.000,485.000,553.000,2047.000
-0.000,485.000,553.000,2047.000
-0.000,485.000,553.000,2047.000
-0.000,485.000,553.000,2047.000
-0.000,485.000,553.000,2047.000
-0.000,485.000,553.000,2047.000
-0.000,484.000,553.000,2047.000
-0.000,484.000,553.000,2047.000
-0.000,484.000,553.000,2047.000
-0.000,484.000,553.000,2047.000
-0.000,483.000,553.000,2047.000
-0.000,483.000,553.000,2047.000
-0.000,482.000,553.000,2047.000
-0.000,482.000,553.000,2047.000
-0.000,482.000,553.000,2047.000
-0.000,481.000,553.000,2047.000
-0.000,481.000,553.000,2047.000
-0.000,480.000,553.000,2047.000
-0.000,480.000,553.000,2047.000
-0.000,479.000,553.000,2047.000
-0.000,478.000,553.000,2047.000
-0.000,478.000,553.000,2047.000
-0.000,477.000,553.000,2047.000
-0.000,476.000,553.000,2047.000
-0.000,476.000,553.000,2047.000
-0.000,475.000,553.000,2047.000
-0.000,474.000,553.000,2047.000
-0.000,474.000,553.000,2047.000
-0.000,473.000,553.000,2047.000
-0.000,473.000,553.000,2047.000
-0.000,472.000,553.000,2047.000
-0.000,471.000,553.000,2047.000
-0.000,470.000,553.000,2047.000
-0.000,470.000,553.000,2047.000
-0.000,469.000,553.000,2047.000
-0.000,468.000,553.000,2047.000
-0.000,467.000,553.000,2047.000
-0.000,466.000,553.000,2047.000
14.648,466.000,553.000,2047.000
14.648,465.000,553.000,2047.000
48.828,464.000,553.000,2047.000
48.828,463.000,553.000,2047.000
83.008,462.000,553.000,2047.000
83.008,461.000,553.000,2047.000
122.070,460.000,553.000,2047.000
122.070,459.000,553.000,2047.000
156.250,458.000,553.000,2047.000
156.250,457.000,553.000,2047.000
190.430,456.000,553.000,2047.000
190.430,455.000,553.000,2047.000
229.492,454.000,553.000,2047.000
229.492,453.000,553.000,2047.000
263.672,451.000,553.000,2047.000
263.672,450.000,553.000,2047.000
302.734,449.000,553.000,2047.000
302.734,448.000,553.000,2047.000
336.914,447.000,553.000,2047.000
336.914,446.000,553.000,2047.000
375.977,445.000,553.000,2047.000
375.977,444.000,553.000,2047.000
410.156,443.000,553.000,2047.000
410.156,442.000,553.000,2047.000
444.336,441.000,553.000,2047.000
444.336,440.000,553.000,2047.000
468.750,439.000,553.000,2047.000
468.750,439.000,553.000,2047.000
488.281,438.000,553.000,2047.000
488.281,437.000,553.000,2047.000
507.812,436.000,553.000,2047.000
507.812,436.000,553.000,2047.000
522.461,435.000,553.000,2047.000
522.461,434.000,553.000,2047.000
546.875,433.000,553.000,2047.000
546.875,432.000,553.000,2047.000
566.406,431.000,553.000,2047.000
566.406,430.000,553.000,2047.000
595.703,429.000,553.000,2047.000
595.703,428.000,553.000,2047.000
629.883,427.000,553.000,2047.000
629.883,426.000,553.000,2047.000
659.180,425.000,553.000,2047.000
659.180,424.000,553.000,2047.000
678.711,424.000,553.000,2047.000
678.711,424.000,553.000,2047.000
678.711,424.000,553.000,2047.000
678.711,425.000,553.000,2047.000
654.297,426.000,553.000,2047.000
654.297,428.000,553.000,2047.000
600.586,430.000,553.000,2047.000
600.586,433.000,553.000,2047.000
507.812,436.000,553.000,2047.000
507.812,438.000,553.000,2047.000
395.508,440.000,553.000,2047.000
395.508,442.000,553.000,2047.000
297.852,443.000,553.000,2047.000
297.852,444.000,553.000,2047.000
239.258,444.000,553.000,2047.000
239.258,445.000,553.000,2047.000
219.727,445.000,553.000,2047.000
219.727,444.000,553.000,2047.000
209.961,444.000,553.000,2047.000
209.961,444.000,553.000,2047.000
209.961,444.000,553.000,2047.000
209.961,444.000,553.000,2047.000
214.844,444.000,553.000,2047.000
214.844,444.000,553.000,2047.000
205.078,445.000,553.000,2047.000
205.078,446.000,553.000,2047.000
180.664,447.000,553.000,2047.000
180.664,449.000,553.000,2047.000
126.953,452.000,553.000,2047.000
126.953,454.000,553.000,2047.000
34.180,457.000,553.000,2047.000
34.180,460.000,553.000,2047.000
-0.000,462.000,553.000,2047.000
-0.000,465.000,553.000,2047.000
-0.000,466.000,561.000,0.000
-0.000,468.000,561.000,0.000
-0.000,469.000,561.000,2047.000
-0.000,470.000,561.000,2047.000
-0.000,471.000,561.000,2047.000
-0.000,472.000,561.000,2047.000
-0.000,473.000,561.000,2047.000
-0.000,473.000,561.000,2047.000
-0.000,474.000,561.000,2047.000
-0.000,474.000,561.000,2047.000
-0.000,475.000,561.000,2047.000
-0.000,475.000,561.000,2047.000
-0.000,476.000,561.000,2047.000
-0.000,477.000,561.000,2047.000
-0.000,478.000,561.000,2047.000
-0.000,479.000,561.000,2047.000
-0.000,480.000,561.000,2047.000
-0.000,481.000,561.000,2047.000
-0.000,482.000,561.000,2047.000
-0.000,482.000,561.000,2047.000
-0.000,483.000,561.000,2047.000
-0.000,483.000,561.000,2047.000
-0.000,484.000,561.000,2047.000
-0.000,484.000,561.000,2047.000
-0.000,484.000,561.000,2047.000
-0.000,484.000,561.000,2047.000
-0.000,484.000,561.000,2047.000
-0.000,484.000,561.000,2047.000
-0.000,484.000,561.000,2047.000
-0.000,484.000,561.000,2047.000
-0.000,484.000,561.000,2047.000
-0.000,483.000,561.000,2047.000
-0.000,483.000,561.000,2047.000
-0.000,483.000,561.000,2047.000
-0.000,482.000,561.000,2047.000
-0.000,482.000,561.000,2047.000
-0.000,482.000,561.000,2047.000
-0.000,481.000,561.000,2047.000
-0.000,481.000,561.000,2047.000
-0.000,481.000,561.000,2047.000
-0.000,480.000,561.000,2047.000
-0.000,480.000,561.000,2047.000
-0.000,479.000,561.000,2047.000
-0.000,479.000,561.000,2047.000
-0.000,478.000,561.000,2047.000
-0.000,478.000,561.000,2047.000
-0.000,477.000,561.000,2047.000
-0.000,476.000,561.000,2047.000
-0.000,475.000,561.000,2047.000
-0.000,474.000,561.000,2047.000
-0.000,473.000,561.000,2047.000
-0.000,473.000,561.000,2047.000
-0.000,472.000,561.000,2047.000
-0.000,471.000,561.000,2047.000
-0.000,471.000,561.000,2047.000
-0.000,470.000,561.000,2047.000
-0.000,469.000,561.000,2047.000
-0.000,468.000,561.000,2047.000
-0.000,468.000,561.000,2047.000
-0.000,467.000,561.000,2047.000
-0.000,466.000,561.000,2047.000
-0.000,466.000,561.000,2047.000
-0.000,465.000,561.000,2047.000
-0.000,464.000,561.000,2047.000
-0.000,464.000,561.000,2047.000
19.531,463.000,561.000,2047.000
19.531,462.000,561.000,2047.000
48.828,461.000,561.000,2047.000
48.828,461.000,561.000,2047.000
73.242,460.000,561.000,2047.000
73.242,459.000,561.000,2047.000
107.422,458.000,561.000,2047.000
107.422,458.000,561.000,2047.000
131.836,457.000,561.000,2047.000
131.836,456.000,561.000,2047.000
156.250,455.000,561.000,2047.000
156.250,455.000,561.000,2047.000
180.664,454.000,561.000,2047.000
180.664,453.000,561.000,2047.000
205.078,453.000,561.000,2047.000
205.078,452.000,561.000,2047.000
224.609,452.000,561.000,2047.000
224.609,451.000,561.000,2047.000
239.258,450.000,561.000,2047.000
239.258,450.000,561.000,2047.000
258.789,449.000,561.000,2047.000
258.789,448.000,561.000,2047.000
283.203,448.000,561.000,2047.000
283.203,447.000,561.000,2047.000
307.617,446.000,561.000,2047.000
307.617,445.000,561.000,2047.000
336.914,444.000,561.000,2047.000
336.914,443.000,561.000,2047.000
366.211,442.000,561.000,2047.000
366.211,440.000,561.000,2047.000
410.156,439.000,561.000,2047.000
410.156,437.000,561.000,2047.000
468.750,435.000,561.000,2047.000
468.750,434.000,561.000,2047.000
522.461,432.000,561.000,2047.000
522.461,430.000,561.000,2047.000
576.172,429.000,561.000,2047.000
576.172,428.000,561.000,2047.000
610.352,427.000,561.000,2047.000
610.352,426.000,561.000,2047.000
629.883,426.000,561.000,2047.000
629.883,426.000,561.000,2047.000
634.766,425.000,561.000,2047.000
634.766,425.000,561.000,2047.000
625.000,426.000,561.000,2047.000
625.000,426.000,561.000,2047.000
595.703,427.000,561.000,2047.000
595.703,428.000,561.000,2047.000
546.875,429.000,561.000,2047.000
546.875,430.000,561.000,2047.000
493.164,432.000,561.000,2047.000
493.164,433.000,561.000,2047.000
434.570,434.000,561.000,2047.000
434.570,436.000,561.000,2047.000
371.094,437.000,561.000,2047.000
371.094,438.000,561.000,2047.000
312.500,440.000,561.000,2047.000
312.500,441.000,561.000,2047.000
253.906,442.000,561.000,2047.000
253.906,444.000,561.000,2047.000
190.430,446.000,561.000,2047.000
190.430,448.000,561.000,2047.000
112.305,450.000,561.000,2047.000
112.305,452.000,561.000,2047.000
24.414,454.000,561.000,2047.000
24.414,457.000,561.000,2047.000
-0.000,459.000,561.000,2047.000
-0.000,461.000,561.000,2047.000
-0.000,463.000,537.000,0.000
-0.000,465.000,537.000,0.000
-0.000,467.000,537.000,2047.000
-0.000,469.000,537.000,2047.000
-0.000,471.000,537.000,2047.000
-0.000,472.000,537.000,2047.000
-0.000,473.000,537.000,2047.000
-0.000,474.000,537.000,2047.000
-0.000,475.000,537.000,2047.000
-0.000,476.000,537.000,2047.000
-0.000,477.000,537.000,2047.000
-0.000,479.000,537.000,2047.000
-0.000,480.000,537.000,2047.000
-0.000,481.000,537.000,2047.000
-0.000,482.000,537.000,2047.000
-0.000,483.000,537.000,2047.000
-0.000,484.000,537.000,2047.000
-0.000,486.000,537.000,2047.000
-0.000,486.000,537.000,2047.000
-0.000,487.000,537.000,2047.000
-0.000,487.000,537.000,2047.000
-0.000,488.000,537.000,2047.000
-0.000,488.000,537.000,2047.000
-0.000,488.000,537.000,2047.000
-0.000,488.000,537.000,2047.000
-0.000,488.000,537.000,2047.000
-0.000,487.000,537.000,2047.000
-0.000,487.000,537.000,2047.000
-0.000,487.000,537.000,2047.000
-0.000,487.000,537.000,2047.000
-0.000,487.000,537.000,2047.000
-0.000,487.000,537.000,2047.000
-0.000,486.000,537.000,2047.000
-0.000,486.000,537.000,2047.000
-0.000,486.000,537.000,2047.000
-0.000,486.000,537.000,2047.000
-0.000,486.000,537.000,2047.000
-0.000,485.000,537.000,2047.000
-0.000,485.000,537.000,2047.000
-0.000,484.000,537.000,2047.000
-0.000,484.000,537.000,2047.000
-0.000,483.000,537.000,2047.000
-0.000,483.000,537.000,2047.000
-0.000,482.000,537.000,2047.000
-0.000,481.000,537.000,2047.000
-0.000,481.000,537.000,2047.000
-0.000,480.000,537.000,2047.000
-0.000,479.000,537.000,2047.000
-0.000,479.000,537.000,2047.000
-0.000,478.000,537.000,2047.000
-0.000,477.000,537.000,2047.000
-0.000,476.000,537.000,2047.000
-0.000,475.000,537.000,2047.000
-0.000,474.000,537.000,2047.000
-0.000,474.000,537.000,2047.000
-0.000,473.000,537.000,2047.000
-0.000,472.000,537.000,2047.000
-0.000,471.000,537.000,2047.000
-0.000,471.000,537.000,2047.000
-0.000,470.000,537.000,2047.000
-0.000,469.000,537.000,2047.000
-0.000,468.000,537.000,2047.000
-0.000,467.000,537.000,2047.000
-0.000,466.000,537.000,2047.000
-0.000,465.000,537.000,2047.000
-0.000,464.000,537.000,2047.000
34.180,463.000,537.000,2047.000
34.180,462.000,537.000,2047.000
73.242,461.000,537.000,2047.000
73.242,460.000,537.000,2047.000
112.305,459.000,537.000,2047.000
112.305,458.000,537.000,2047.000
151.367,456.000,537.000,2047.000
151.367,455.000,537.000,2047.000
190.430,454.000,537.000,2047.000
190.430,453.000,537.000,2047.000
224.609,452.000,537.000,2047.000
224.609,451.000,537.000,2047.000
263.672,450.000,537.000,2047.000
263.672,449.000,537.000,2047.000
307.617,448.000,537.000,2047.000
307.617,446.000,537.000,2047.000
341.797,445.000,537.000,2047.000
341.797,444.000,537.000,2047.000
375.977,443.000,537.000,2047.000
375.977,442.000,537.000,2047.000
405.273,441.000,537.000,2047.000
405.273,440.000,537.000,2047.000
439.453,439.000,537.000,2047.000
439.453,438.000,537.000,2047.000
468.750,437.000,537.000,2047.000
468.750,436.000,537.000,2047.000
498.047,435.000,537.000,2047.000
498.047,434.000,537.000,2047.000
527.344,433.000,537.000,2047.000
527.344,432.000,537.000,2047.000
561.523,431.000,537.000,2047.000
561.523,429.000,537.000,2047.000
600.586,428.000,537.000,2047.000
600.586,427.000,537.000,2047.000
639.648,426.000,537.000,2047.000
639.648,425.000,537.000,2047.000
659.180,424.000,537.000,2047.000
659.180,424.000,537.000,2047.000
668.945,424.000,537.000,2047.000
668.945,424.000,537.000,2047.000
659.180,424.000,537.000,2047.000
659.180,425.000,537.000,2047.000
615.234,427.000,537.000,2047.000
615.234,429.000,537.000,2047.000
522.461,433.000,537.000,2047.000
522.461,436.000,537.000,2047.000
395.508,439.000,537.000,2047.000
395.508,442.000,537.000,2047.000
273.437,444.000,537.000,2047.000
273.437,445.000,537.000,2047.000
200.195,446.000,537.000,2047.000
200.195,446.000,537.000,2047.000
170.898,447.000,537.000,2047.000
170.898,447.000,537.000,2047.000
156.250,447.000,537.000,2047.000
156.250,447.000,537.000,2047.000
156.250,447.000,537.000,2047.000
156.250,447.000,537.000,2047.000
156.250,447.000,537.000,2047.000
156.250,447.000,537.000,2047.000
141.602,448.000,537.000,2047.000
141.602,449.000,537.000,2047.000
107.422,451.000,537.000,2047.000
107.422,453.000,537.000,2047.000
39.062,455.000,537.000,2047.000
39.062,458.000,537.000,2047.000
-0.000,461.000,537.000,2047.000
-0.000,463.000,537.000,2047.000
-0.000,465.000,537.000,0.000
-0.000,467.000,537.000,0.000
-0.000,469.000,537.000,2047.000
-0.000,471.000,537.000,2047.000
-0.000,472.000,537.000,2047.000
-0.000,474.000,537.000,2047.000
-0.000,475.000,537.000,2047.000
-0.000,476.000,537.000,2047.000
-0.000,477.000,537.000,2047.000
-0.000,478.000,537.000,2047.000
-0.000,479.000,537.000,2047.000
-0.000,480.000,537.000,2047.000
-0.000,481.000,537.000,2047.000
-0.000,482.000,537.000,2047.000
-0.000,483.000,537.000,2047.000
-0.000,484.000,537.000,2047.000
-0.000,485.000,537.000,2047.000
-0.000,486.000,537.000,2047.000
-0.000,487.000,537.000,2047.000
-0.000,488.000,537.000,2047.000
-0.000,488.000,537.000,2047.000
-0.000,489.000,537.000,2047.000
-0.000,490.000,537.000,2047.000
-0.000,490.000,537.000,2047.000
-0.000,491.000,537.000,2047.000
-0.000,491.000,537.000,2047.000
-0.000,492.000,537.000,2047.000
-0.000,492.000,537.000,2047.000
-0.000,492.000,537.000,2047.000
-0.000,492.000,537.000,2047.000
-0.000,493.000,537.000,2047.000
-0.000,493.000,537.000,2047.000
-0.000,493.000,537.000,2047.000
-0.000,492.000,537.000,2047.000
-0.000,492.000,537.000,2047.000
-0.000,492.000,537.000,2047.000
-0.000,491.000,537.000,2047.000
-0.000,491.000,537.000,2047.000
-0.000,490.000,537.000,2047.000
-0.000,490.000,537.000,2047.000
-0.000,489.000,537.000,2047.000
-0.000,489.000,537.000,2047.000
-0.000,488.000,537.000,2047.000
-0.000,487.000,537.000,2047.000
-0.000,487.000,537.000,2047.000
-0.000,486.000,537.000,2047.000
-0.000,485.000,537.000,2047.000
-0.000,485.000,537.000,2047.000
-0.000,485.000,537.000,2047.000
-0.000,484.000,537.000,2047.000
-0.000,484.000,537.000,2047.000
-0.000,483.000,537.000,2047.000
-0.000,483.000,537.000,2047.000
-0.000,482.000,537.000,2047.000
-0.000,482.000,537.000,2047.000
-0.000,481.000,537.000,2047.000
-0.000,480.000,537.000,2047.000
-0.000,479.000,537.000,2047.000
-0.000,479.000,537.000,2047.000
-0.000,478.000,537.000,2047.000
-0.000,477.000,537.000,2047.000
-0.000,476.000,537.000,2047.000
-0.000,475.000,537.000,2047.000
-0.000,474.000,537.000,2047.000
-0.000,474.000,537.000,2047.000
-0.000,473.000,537.000,2047.000
-0.000,472.000,537.000,2047.000
-0.000,471.000,537.000,2047.000
-0.000,470.000,537.000,2047.000
-0.000,470.000,537.000,2047.000
-0.000,469.000,537.000,2047.000
-0.000,468.000,537.000,2047.000
4.883,467.000,537.000,2047.000
4.883,466.000,537.000,2047.000
39.062,465.000,537.000,2047.000
39.062,464.000,537.000,2047.000
73.242,464.000,537.000,2047.000
73.242,463.000,537.000,2047.000
107.422,462.000,537.000,2047.000
107.422,461.000,537.000,2047.000
141.602,460.000,537.000,2047.000
141.602,459.000,537.000,2047.000
175.781,458.000,537.000,2047.000
175.781,457.000,537.000,2047.000
214.844,456.000,537.000,2047.000
214.844,455.000,537.000,2047.000
249.023,454.000,537.000,2047.000
249.023,452.000,537.000,2047.000
283.203,451.000,537.000,2047.000
283.203,450.000,537.000,2047.000
322.266,449.000,537.000,2047.000
322.266,448.000,537.000,2047.000
366.211,446.000,537.000,2047.000
366.211,444.000,537.000,2047.000
419.922,442.000,537.000,2047.000
419.922,440.000,537.000,2047.000
498.047,437.000,537.000,2047.000
498.047,434.000,537.000,2047.000
585.937,432.000,537.000,2047.000
585.937,429.000,537.000,2047.000
673.828,427.000,537.000,2047.000
673.828,426.000,537.000,2047.000
737.305,424.000,537.000,2047.000
737.305,423.000,537.000,2047.000
776.367,422.000,537.000,2047.000
776.367,422.000,537.000,2047.000
786.133,422.000,537.000,2047.000
786.133,422.000,537.000,2047.000
771.484,422.000,537.000,2047.000
771.484,423.000,537.000,2047.000
732.422,425.000,537.000,2047.000
732.422,426.000,537.000,2047.000
664.062,428.000,537.000,2047.000
664.062,430.000,537.000,2047.000
576.172,432.000,537.000,2047.000
576.172,434.000,537.000,2047.000
488.281,436.000,537.000,2047.000
488.281,438.000,537.000,2047.000
410.156,439.000,537.000,2047.000
410.156,441.000,537.000,2047.000
341.797,442.000,537.000,2047.000
341.797,444.000,537.000,2047.000
268.555,446.000,537.000,2047.000
268.555,447.000,537.000,2047.000
209.961,449.000,537.000,2047.000
209.961,450.000,537.000,2047.000
141.602,453.000,537.000,2047.000
141.602,454.000,537.000,2047.000
58.594,457.000,537.000,2047.000
58.594,459.000,537.000,2047.000
-0.000,461.000,537.000,2047.000
-0.000,464.000,537.000,2047.000
-0.000,466.000,529.000,0.000
-0.000,468.000,529.000,0.000
-0.000,470.000,529.000,2047.000
-0.000,472.000,529.000,2047.000
-0.000,474.000,529.000,2047.000
-0.000,475.000,529.000,2047.000
-0.000,477.000,529.000,2047.000
-0.000,478.000,529.000,2047.000
-0.000,479.000,529.000,2047.000
-0.000,480.000,529.000,2047.000
-0.000,481.000,529.000,2047.000
-0.000,482.000,529.000,2047.000
-0.000,483.000,529.000,2047.000
-0.000,484.000,529.000,2047.000
-0.000,485.000,529.000,2047.000
-0.000,486.000,529.000,2047.000
-0.000,487.000,529.000,2047.000
-0.000,487.000,529.000,2047.000
-0.000,488.000,529.000,2047.000
-0.000,489.000,529.000,2047.000
-0.000,489.000,529.000,2047.000
-0.000,490.000,529.000,2047.000
-0.000,490.000,529.000,2047.000
-0.000,490.000,529.000,2047.000
-0.000,490.000,529.000,2047.000
-0.000,491.000,529.000,2047.000
-0.000,491.000,529.000,2047.000
-0.000,491.000,529.000,2047.000
-0.000,490.000,529.000,2047.000
-0.000,490.000,529.000,2047.000
-0.000,490.000,529.000,2047.000
-0.000,490.000,529.000,2047.000
-0.000,490.000,529.000,2047.000
-0.000,489.000,529.000,2047.000
-0.000,489.000,529.000,2047.000
-0.000,488.000,529.000,2047.000
-0.000,488.000,529.000,2047.000
-0.000,487.000,529.000,2047.000
-0.000,487.000,529.000,2047.000
-0.000,486.000,529.000,2047.000
-0.000,486.000,529.000,2047.000
-0.000,485.000,529.000,2047.000
-0.000,485.000,529.000,2047.000
-0.000,484.000,529.000,2047.000
-0.000,484.000,529.000,2047.000
-0.000,484.000,529.000,2047.000
-0.000,483.000,529.000,2047.000
-0.000,482.000,529.000,2047.000
-0.000,482.000,529.000,2047.000
-0.000,482.000,529.000,2047.000
-0.000,481.000,529.000,2047.000
-0.000,480.000,529.000,2047.000
-0.000,480.000,529.000,2047.000
-0.000,479.000,529.000,2047.000
-0.000,479.000,529.000,2047.000
-0.000,479.000,529.000,2047.000
-0.000,478.000,529.000,2047.000
-0.000,477.000,529.000,2047.000
-0.000,477.000,529.000,2047.000
-0.000,476.000,529.000,2047.000
-0.000,475.000,529.000,2047.000
-0.000,475.000,529.000,2047.000
-0.000,474.000,529.000,2047.000
-0.000,473.000,529.000,2047.000
-0.000,472.000,529.000,2047.000
-0.000,472.000,529.000,2047.000
-0.000,471.000,529.000,2047.000
-0.000,470.000,529.000,2047.000
-0.000,469.000,529.000,2047.000
-0.000,468.000,529.000,2047.000
19.531,467.000,529.000,2047.000
19.531,466.000,529.000,2047.000
58.594,465.000,529.000,2047.000
58.594,464.000,529.000,2047.000
97.656,462.000,529.000,2047.000
97.656,461.000,529.000,2047.000
136.719,460.000,529.000,2047.000
136.719,459.000,529.000,2047.000
180.664,458.000,529.000,2047.000
180.664,457.000,529.000,2047.000
219.727,456.000,529.000,2047.000
219.727,455.000,529.000,2047.000
258.789,454.000,529.000,2047.000
258.789,452.000,529.000,2047.000
297.852,451.000,529.000,2047.000
297.852,450.000,529.000,2047.000
332.031,449.000,529.000,2047.000
332.031,448.000,529.000,2047.000
371.094,447.000,529.000,2047.000
371.094,446.000,529.000,2047.000
410.156,445.000,529.000,2047.000
410.156,444.000,529.000,2047.000
439.453,443.000,529.000,2047.000
439.453,442.000,529.000,2047.000
468.750,441.000,529.000,2047.000
468.750,440.000,529.000,2047.000
498.047,439.000,529.000,2047.000
498.047,437.000,529.000,2047.000
532.227,436.000,529.000,2047.000
532.227,435.000,529.000,2047.000
566.406,433.000,529.000,2047.000
566.406,432.000,529.000,2047.000
610.352,430.000,529.000,2047.000
610.352,429.000,529.000,2047.000
659.180,427.000,529.000,2047.000
659.180,426.000,529.000,2047.000
703.125,424.000,529.000,2047.000
703.125,423.000,529.000,2047.000
742.187,423.000,529.000,2047.000
742.187,422.000,529.000,2047.000
756.836,422.000,529.000,2047.000
756.836,422.000,529.000,2047.000
751.953,422.000,529.000,2047.000
751.953,423.000,529.000,2047.000
727.539,423.000,529.000,2047.000
727.539,425.000,529.000,2047.000
673.828,427.000,529.000,2047.000
673.828,428.000,529.000,2047.000
595.703,430.000,529.000,2047.000
595.703,432.000,529.000,2047.000
507.812,434.000,529.000,2047.000
507.812,435.000,529.000,2047.000
439.453,436.000,529.000,2047.000
439.453,437.000,529.000,2047.000
390.625,437.000,529.000,2047.000
390.625,438.000,529.000,2047.000
366.211,438.000,529.000,2047.000
366.211,438.000,529.000,2047.000
351.562,438.000,529.000,2047.000
351.562,439.000,529.000,2047.000
332.031,439.000,529.000,2047.000
332.031,440.000,529.000,2047.000
302.734,442.000,529.000,2047.000
302.734,443.000,529.000,2047.000
239.258,445.000,529.000,2047.000
239.258,448.000,529.000,2047.000
151.367,450.000,529.000,2047.000
151.367,453.000,529.000,2047.000
48.828,456.000,529.000,2047.000
48.828,458.000,529.000,2047.000
-0.000,460.000,529.000,2047.000
-0.000,462.000,529.000,2047.000
-0.000,464.000,569.000,0.000
-0.000,466.000,569.000,0.000
-0.000,467.000,569.000,2047.000
-0.000,468.000,569.000,2047.000
-0.000,469.000,569.000,2047.000
-0.000,470.000,569.000,2047.000
-0.000,471.000,569.000,2047.000
-0.000,472.000,569.000,2047.000
-0.000,473.000,569.000,2047.000
-0.000,474.000,569.000,2047.000
-0.000,476.000,569.000,2047.000
-0.000,477.000,569.000,2047.000
-0.000,478.000,569.000,2047.000
-0.000,479.000,569.000,2047.000
-0.000,479.000,569.000,2047.000
-0.000,480.000,569.000,2047.000
-0.000,481.000,569.000,2047.000
-0.000,481.000,569.000,2047.000
-0.000,482.000,569.000,2047.000
-0.000,482.000,569.000,2047.000
-0.000,482.000,569.000,2047.000
-0.000,482.000,569.000,2047.000
-0.000,483.000,569.000,2047.000
-0.000,483.000,569.000,2047.000
-0.000,483.000,569.000,2047.000
-0.000,483.000,569.000,2047.000
-0.000,483.000,569.000,2047.000
-0.000,484.000,569.000,2047.000
-0.000,484.000,569.000,2047.000
-0.000,484.000,569.000,2047.000
-0.000,484.000,569.000,2047.000
-0.000,484.000,569.000,2047.000
-0.000,484.000,569.000,2047.000
-0.000,484.000,569.000,2047.000
-0.000,483.000,569.000,2047.000
-0.000,483.000,569.000,2047.000
-0.000,482.000,569.000,2047.000
-0.000,482.000,569.000,2047.000
-0.000,481.000,569.000,2047.000
-0.000,481.000,569.000,2047.000
-0.000,480.000,569.000,2047.000
-0.000,480.000,569.000,2047.000
-0.000,479.000,569.000,2047.000
-0.000,479.000,569.000,2047.000
-0.000,479.000,569.000,2047.000
-0.000,479.000,569.000,2047.000
-0.000,478.000,569.000,2047.000
-0.000,478.000,569.000,2047.000
-0.000,478.000,569.000,2047.000
-0.000,478.000,569.000,2047.000
-0.000,478.000,569.000,2047.000
-0.000,478.000,569.000,2047.000
-0.000,478.000,569.000,2047.000
-0.000,478.000,569.000,2047.000
-0.000,477.000,569.000,2047.000
-0.000,477.000,569.000,2047.000
-0.000,477.000,569.000,2047.000
-0.000,477.000,569.000,2047.000
-0.000,476.000,569.000,2047.000
-0.000,475.000,569.000,2047.000
-0.000,475.000,569.000,2047.000
-0.000,474.000,569.000,2047.000
-0.000,474.000,569.000,2047.000
-0.000,473.000,569.000,2047.000
-0.000,472.000,569.000,2047.000
-0.000,472.000,569.000,2047.000
-0.000,471.000,569.000,2047.000
-0.000,470.000,569.000,2047.000
-0.000,469.000,569.000,2047.000
-0.000,468.000,569.000,2047.000
-0.000,466.000,569.000,2047.000
-0.000,466.000,569.000,2047.000
-0.000,464.000,569.000,2047.000
-0.000,463.000,569.000,2047.000
43.945,462.000,569.000,2047.000
43.945,461.000,569.000,2047.000
83.008,460.000,569.000,2047.000
83.008,459.000,569.000,2047.000
122.070,458.000,569.000,2047.000
122.070,456.000,569.000,2047.000
166.016,455.000,569.000,2047.000
166.016,454.000,569.000,2047.000
209.961,453.000,569.000,2047.000
209.961,452.000,569.000,2047.000
249.023,451.000,569.000,2047.000
249.023,450.000,569.000,2047.000
288.086,448.000,569.000,2047.000
288.086,447.000,569.000,2047.000
332.031,445.000,569.000,2047.000
332.031,444.000,569.000,2047.000
385.742,442.000,569.000,2047.000
385.742,440.000,569.000,2047.000
439.453,438.000,569.000,2047.000
439.453,436.000,569.000,2047.000
507.812,434.000,569.000,2047.000
507.812,432.000,569.000,2047.000
576.172,430.000,569.000,2047.000
576.172,428.000,569.000,2047.000
644.531,426.000,569.000,2047.000
644.531,424.000,569.000,2047.000
708.008,423.000,569.000,2047.000
708.008,422.000,569.000,2047.000
751.953,421.000,569.000,2047.000
751.953,421.000,569.000,2047.000
766.602,420.000,569.000,2047.000
766.602,420.000,569.000,2047.000
761.719,420.000,569.000,2047.000
761.719,420.000,569.000,2047.000
747.070,421.000,569.000,2047.000
747.070,421.000,569.000,2047.000
722.656,422.000,569.000,2047.000
722.656,423.000,569.000,2047.000
678.711,424.000,569.000,2047.000
678.711,425.000,569.000,2047.000
625.000,427.000,569.000,2047.000
625.000,428.000,569.000,2047.000
556.641,429.000,569.000,2047.000
556.641,431.000,569.000,2047.000
488.281,433.000,569.000,2047.000
488.281,435.000,569.000,2047.000
410.156,437.000,569.000,2047.000
410.156,440.000,569.000,2047.000
307.617,443.000,569.000,2047.000
307.617,446.000,569.000,2047.000
195.312,449.000,569.000,2047.000
195.312,452.000,569.000,2047.000
78.125,455.000,569.000,2047.000
78.125,457.000,569.000,2047.000
-0.000,460.000,569.000,2047.000
-0.000,462.000,569.000,2047.000
-0.000,464.000,521.000,0.000
-0.000,466.000,521.000,0.000
-0.000,468.000,521.000,2047.000
-0.000,470.000,521.000,2047.000
-0.000,472.000,521.000,2047.000
-0.000,474.000,521.000,2047.000
-0.000,475.000,521.000,2047.000
-0.000,477.000,521.000,2047.000
-0.000,478.000,521.000,2047.000
-0.000,480.000,521.000,2047.000
-0.000,482.000,521.000,2047.000
-0.000,483.000,521.000,2047.000
-0.000,485.000,521.000,2047.000
-0.000,486.000,521.000,2047.000
-0.000,487.000,521.000,2047.000
-0.000,488.000,521.000,2047.000
-0.000,489.000,521.000,2047.000
-0.000,490.000,521.000,2047.000
-0.000,491.000,521.000,2047.000
-0.000,491.000,521.000,2047.000
-0.000,492.000,521.000,2047.000
-0.000,493.000,521.000,2047.000
-0.000,493.000,521.000,2047.000
-0.000,494.000,521.000,2047.000
-0.000,494.000,521.000,2047.000
-0.000,494.000,521.000,2047.000
-0.000,495.000,521.000,2047.000
-0.000,495.000,521.000,2047.000
-0.000,495.000,521.000,2047.000
-0.000,495.000,521.000,2047.000
-0.000,495.000,521.000,2047.000
-0.000,495.000,521.000,2047.000
-0.000,495.000,521.000,2047.000
-0.000,495.000,521.000,2047.000
-0.000,495.000,521.000,2047.000
-0.000,494.000,521.000,2047.000
-0.000,494.000,521.000,2047.000
-0.000,494.000,521.000,2047.000
-0.000,493.000,521.000,2047.000
-0.000,493.000,521.000,2047.000
-0.000,493.000,521.000,2047.000
-0.000,492.000,521.000,2047.000
-0.000,492.000,521.000,2047.000
-0.000,492.000,521.000,2047.000
-0.000,491.000,521.000,2047.000
-0.000,491.000,521.000,2047.000
-0.000,491.000,521.000,2047.000
-0.000,491.000,521.000,2047.000
-0.000,490.000,521.000,2047.000
-0.000,490.000,521.000,2047.000
-0.000,490.000,521.000,2047.000
-0.000,489.000,521.000,2047.000
-0.000,489.000,521.000,2047.000
-0.000,488.000,521.000,2047.000
-0.000,488.000,521.000,2047.000
-0.000,487.000,521.000,2047.000
-0.000,486.000,521.000,2047.000
-0.000,486.000,521.000,2047.000
-0.000,485.000,521.000,2047.000
-0.000,485.000,521.000,2047.000
-0.000,484.000,521.000,2047.000
-0.000,483.000,521.000,2047.000
-0.000,483.000,521.000,2047.000
-0.000,482.000,521.000,2047.000
-0.000,481.000,521.000,2047.000
-0.000,480.000,521.000,2047.000
-0.000,480.000,521.000,2047.000
-0.000,479.000,521.000,2047.000
-0.000,478.000,521.000,2047.000
-0.000,477.000,521.000,2047.000
-0.000,476.000,521.000,2047.000
-0.000,475.000,521.000,2047.000
-0.000,474.000,521.000,2047.000
-0.000,473.000,521.000,2047.000
-0.000,472.000,521.000,2047.000
-0.000,471.000,521.000,2047.000
-0.000,470.000,521.000,2047.000
-0.000,469.000,521.000,2047.000
19.531,468.000,521.000,2047.000
19.531,467.000,521.000,2047.000
63.477,466.000,521.000,2047.000
63.477,464.000,521.000,2047.000
107.422,463.000,521.000,2047.000
107.422,462.000,521.000,2047.000
151.367,461.000,521.000,2047.000
151.367,459.000,521.000,2047.000
195.312,458.000,521.000,2047.000
195.312,457.000,521.000,2047.000
239.258,456.000,521.000,2047.000
239.258,455.000,521.000,2047.000
283.203,454.000,521.000,2047.000
283.203,452.000,521.000,2047.000
322.266,451.000,521.000,2047.000
322.266,450.000,521.000,2047.000
356.445,449.000,521.000,2047.000
356.445,448.000,521.000,2047.000
395.508,446.000,521.000,2047.000
395.508,445.000,521.000,2047.000
439.453,444.000,521.000,2047.000
439.453,442.000,521.000,2047.000
478.516,441.000,521.000,2047.000
478.516,439.000,521.000,2047.000
527.344,438.000,521.000,2047.000
527.344,436.000,521.000,2047.000
576.172,435.000,521.000,2047.000
576.172,434.000,521.000,2047.000
620.117,433.000,521.000,2047.000
620.117,432.000,521.000,2047.000
639.648,432.000,521.000,2047.000
639.648,432.000,521.000,2047.000
644.531,432.000,521.000,2047.000
644.531,432.000,521.000,2047.000
625.000,433.000,521.000,2047.000
625.000,435.000,521.000,2047.000
581.055,437.000,521.000,2047.000
581.055,438.000,521.000,2047.000
502.930,441.000,521.000,2047.000
502.930,442.000,521.000,2047.000
415.039,444.000,521.000,2047.000
415.039,445.000,521.000,2047.000
346.680,446.000,521.000,2047.000
346.680,446.000,521.000,2047.000
302.734,447.000,521.000,2047.000
302.734,447.000,521.000,2047.000
288.086,447.000,521.000,2047.000
288.086,446.000,521.000,2047.000
288.086,446.000,521.000,2047.000
288.086,446.000,521.000,2047.000
288.086,446.000,521.000,2047.000
288.086,446.000,521.000,2047.000
292.969,446.000,521.000,2047.000
292.969,446.000,521.000,2047.000
288.086,446.000,521.000,2047.000
288.086,447.000,521.000,2047.000
263.672,449.000,521.000,2047.000
263.672,451.000,521.000,2047.000
200.195,454.000,521.000,2047.000
200.195,457.000,521.000,2047.000
102.539,459.000,521.000,2047.000
102.539,462.000,521.000,2047.000
-0.000,464.000,521.000,2047.000
-0.000,466.000,521.000,2047.000
-0.000,468.000,521.000,2047.000
-0.000,469.000,521.000,2047.000
-0.000,471.000,577.000,0.000
-0.000,472.000,577.000,0.000
-0.000,473.000,577.000,2047.000
-0.000,474.000,577.000,2047.000
-0.000,475.000,577.000,2047.000
-0.000,475.000,577.000,2047.000
-0.000,476.000,577.000,2047.000
-0.000,477.000,577.000,2047.000
-0.000,478.000,577.000,2047.000
-0.000,478.000,577.000,2047.000
-0.000,479.000,577.000,2047.000
-0.000,480.000,577.000,2047.000
-0.000,481.000,577.000,2047.000
-0.000,482.000,577.000,2047.000
-0.000,483.000,577.000,2047.000
-0.000,484.000,577.000,2047.000
-0.000,485.000,577.000,2047.000
-0.000,485.000,577.000,2047.000
-0.000,486.000,577.000,2047.000
-0.000,486.000,577.000,2047.000
-0.000,487.000,577.000,2047.000
-0.000,487.000,577.000,2047.000
-0.000,488.000,577.000,2047.000
-0.000,488.000,577.000,2047.000
-0.000,488.000,577.000,2047.000
-0.000,488.000,577.000,2047.000
-0.000,488.000,577.000,2047.000
-0.000,488.000,577.000,2047.000
-0.000,488.000,577.000,2047.000
-0.000,487.000,577.000,2047.000
-0.000,487.000,577.000,2047.000
-0.000,487.000,577.000,2047.000
-0.000,486.000,577.000,2047.000
-0.000,486.000,577.000,2047.000
-0.000,486.000,577.000,2047.000
-0.000,485.000,577.000,2047.000
-0.000,484.000,577.000,2047.000
-0.000,484.000,577.000,2047.000
-0.000,484.000,577.000,2047.000
-0.000,483.000,577.000,2047.000
-0.000,483.000,577.000,2047.000
-0.000,483.000,577.000,2047.000
-0.000,482.000,577.000,2047.000
-0.000,482.000,577.000,2047.000
-0.000,481.000,577.000,2047.000
-0.000,480.000,577.000,2047.000
-0.000,480.000,577.000,2047.000
-0.000,479.000,577.000,2047.000
-0.000,478.000,577.000,2047.000
-0.000,477.000,577.000,2047.000
-0.000,476.000,577.000,2047.000
-0.000,475.000,577.000,2047.000
-0.000,474.000,577.000,2047.000
-0.000,473.000,577.000,2047.000
-0.000,472.000,577.000,2047.000
-0.000,472.000,577.000,2047.000
-0.000,471.000,577.000,2047.000
-0.000,470.000,577.000,2047.000
-0.000,469.000,577.000,2047.000
-0.000,468.000,577.000,2047.000
4.883,468.000,577.000,2047.000
4.883,467.000,577.000,2047.000
29.297,466.000,577.000,2047.000
29.297,465.000,577.000,2047.000
58.594,465.000,577.000,2047.000
58.594,464.000,577.000,2047.000
87.891,463.000,577.000,2047.000
87.891,462.000,577.000,2047.000
112.305,462.000,577.000,2047.000
112.305,461.000,577.000,2047.000
141.602,460.000,577.000,2047.000
141.602,459.000,577.000,2047.000
170.898,458.000,577.000,2047.000
170.898,457.000,577.000,2047.000
205.078,456.000,577.000,2047.000
205.078,455.000,577.000,2047.000
234.375,454.000,577.000,2047.000
234.375,454.000,577.000,2047.000
263.672,453.000,577.000,2047.000
263.672,452.000,577.000,2047.000
288.086,451.000,577.000,2047.000
288.086,450.000,577.000,2047.000
312.500,450.000,577.000,2047.000
312.500,449.000,577.000,2047.000
336.914,448.000,577.000,2047.000
336.914,447.000,577.000,2047.000
366.211,446.000,577.000,2047.000
366.211,445.000,577.000,2047.000
395.508,444.000,577.000,2047.000
395.508,443.000,577.000,2047.000
429.687,441.000,577.000,2047.000
429.687,440.000,577.000,2047.000
478.516,438.000,577.000,2047.000
478.516,436.000,577.000,2047.000
532.227,434.000,577.000,2047.000
532.227,432.000,577.000,2047.000
590.820,431.000,577.000,2047.000
590.820,429.000,577.000,2047.000
644.531,428.000,577.000,2047.000
644.531,427.000,577.000,2047.000
678.711,426.000,577.000,2047.000
678.711,426.000,577.000,2047.000
698.242,425.000,577.000,2047.000
698.242,425.000,577.000,2047.000
708.008,425.000,577.000,2047.000
708.008,424.000,577.000,2047.000
708.008,424.000,577.000,2047.000
708.008,425.000,577.000,2047.000
693.359,425.000,577.000,2047.000
693.359,426.000,577.000,2047.000
664.062,426.000,577.000,2047.000
664.062,427.000,577.000,2047.000
634.766,427.000,577.000,2047.000
634.766,428.000,577.000,2047.000
595.703,429.000,577.000,2047.000
595.703,430.000,577.000,2047.000
551.758,431.000,577.000,2047.000
551.758,432.000,577.000,2047.000
498.047,434.000,577.000,2047.000
498.047,435.000,577.000,2047.000
439.453,436.000,577.000,2047.000
439.453,438.000,577.000,2047.000
380.859,439.000,577.000,2047.000
380.859,441.000,577.000,2047.000
317.383,442.000,577.000,2047.000
317.383,444.000,577.000,2047.000
249.023,446.000,577.000,2047.000
249.023,447.000,577.000,2047.000
175.781,449.000,577.000,2047.000
175.781,451.000,577.000,2047.000
97.656,454.000,577.000,2047.000
97.656,455.000,577.000,2047.000
19.531,457.000,577.000,2047.000
19.531,459.000,577.000,2047.000
-0.000,461.000,577.000,2047.000
-0.000,463.000,545.000,0.000
-0.000,465.000,545.000,0.000
-0.000,467.000,545.000,2047.000
-0.000,468.000,545.000,2047.000
-0.000,470.000,545.000,2047.000
-0.000,470.000,545.000,2047.000
-0.000,472.000,545.000,2047.000
-0.000,473.000,545.000,2047.000
-0.000,474.000,545.000,2047.000
-0.000,474.000,545.000,2047.000
-0.000,475.000,545.000,2047.000
-0.000,476.000,545.000,2047.000
-0.000,478.000,545.000,2047.000
-0.000,479.000,545.000,2047.000
-0.000,479.000,545.000,2047.000
-0.000,480.000,545.000,2047.000
-0.000,481.000,545.000,2047.000
-0.000,482.000,545.000,2047.000
-0.000,482.000,545.000,2047.000
-0.000,483.000,545.000,2047.000
-0.000,484.000,545.000,2047.000
-0.000,485.000,545.000,2047.000
-0.000,485.000,545.000,2047.000
-0.000,485.000,545.000,2047.000
-0.000,485.000,545.000,2047.000
-0.000,485.000,545.000,2047.000
-0.000,485.000,545.000,2047.000
-0.000,485.000,545.000,2047.000
-0.000,485.000,545.000,2047.000
-0.000,485.000,545.000,2047.000
-0.000,485.000,545.000,2047.000
-0.000,485.000,545.000,2047.000
-0.000,484.000,545.000,2047.000
-0.000,484.000,545.000,2047.000
-0.000,484.000,545.000,2047.000
-0.000,484.000,545.000,2047.000
-0.000,484.000,545.000,2047.000
-0.000,484.000,545.000,2047.000
-0.000,483.000,545.000,2047.000
-0.000,483.000,545.000,2047.000
-0.000,483.000,545.000,2047.000
-0.000,483.000,545.000,2047.000
-0.000,482.000,545.000,2047.000
-0.000,481.000,545.000,2047.000
-0.000,481.000,545.000,2047.000
-0.000,480.000,545.000,2047.000
-0.000,480.000,545.000,2047.000
-0.000,480.000,545.000,2047.000
-0.000,479.000,545.000,2047.000
-0.000,479.000,545.000,2047.000
-0.000,479.000,545.000,2047.000
-0.000,478.000,545.000,2047.000
-0.000,477.000,545.000,2047.000
-0.000,477.000,545.000,2047.000
-0.000,476.000,545.000,2047.000
-0.000,475.000,545.000,2047.000
-0.000,474.000,545.000,2047.000
-0.000,473.000,545.000,2047.000
-0.000,473.000,545.000,2047.000
-0.000,472.000,545.000,2047.000
-0.000,471.000,545.000,2047.000
-0.000,470.000,545.000,2047.000
-0.000,469.000,545.000,2047.000
-0.000,468.000,545.000,2047.000
-0.000,468.000,545.000,2047.000
-0.000,466.000,545.000,2047.000
-0.000,465.000,545.000,2047.000
-0.000,465.000,545.000,2047.000
29.297,464.000,545.000,2047.000
29.297,463.000,545.000,2047.000
63.477,462.000,545.000,2047.000
63.477,461.000,545.000,2047.000
97.656,460.000,545.000,2047.000
97.656,459.000,545.000,2047.000
136.719,458.000,545.000,2047.000
136.719,457.000,545.000,2047.000
175.781,456.000,545.000,2047.000
175.781,455.000,545.000,2047.000
205.078,454.000,545.000,2047.000
205.078,453.000,545.000,2047.000
239.258,452.000,545.000,2047.000
239.258,451.000,545.000,2047.000
268.555,450.000,545.000,2047.000
268.555,449.000,545.000,2047.000
297.852,449.000,545.000,2047.000
297.852,448.000,545.000,2047.000
322.266,447.000,545.000,2047.000
322.266,446.000,545.000,2047.000
341.797,446.000,545.000,2047.000
341.797,445.000,545.000,2047.000
366.211,444.000,545.000,2047.000
366.211,443.000,545.000,2047.000
395.508,442.000,545.000,2047.000
395.508,441.000,545.000,2047.000
424.805,440.000,545.000,2047.000
424.805,439.000,545.000,2047.000
458.984,437.000,545.000,2047.000
458.984,436.000,545.000,2047.000
507.812,434.000,545.000,2047.000
507.812,432.000,545.000,2047.000
566.406,431.000,545.000,2047.000
566.406,429.000,545.000,2047.000
620.117,427.000,545.000,2047.000
620.117,426.000,545.000,2047.000
664.062,425.000,545.000,2047.000
664.062,424.000,545.000,2047.000
678.711,424.000,545.000,2047.000
678.711,424.000,545.000,2047.000
678.711,424.000,545.000,2047.000
678.711,425.000,545.000,2047.000
644.531,426.000,545.000,2047.000
644.531,428.000,545.000,2047.000
581.055,430.000,545.000,2047.000
581.055,432.000,545.000,2047.000
483.398,435.000,545.000,2047.000
483.398,437.000,545.000,2047.000
380.859,439.000,545.000,2047.000
380.859,440.000,545.000,2047.000
302.734,442.000,545.000,2047.000
302.734,442.000,545.000,2047.000
258.789,443.000,545.000,2047.000
258.789,443.000,545.000,2047.000
234.375,444.000,545.000,2047.000
234.375,444.000,545.000,2047.000
214.844,445.000,545.000,2047.000
214.844,445.000,545.000,2047.000
195.312,446.000,545.000,2047.000
195.312,447.000,545.000,2047.000
161.133,448.000,545.000,2047.000
161.133,449.000,545.000,2047.000
107.422,451.000,545.000,2047.000
107.422,453.000,545.000,2047.000
24.414,456.000,545.000,2047.000
24.414,459.000,545.000,2047.000
-0.000,461.000,545.000,2047.000
-0.000,464.000,545.000,2047.000
-0.000,466.000,545.000,0.000
-0.000,468.000,545.000,0.000
-0.000,470.000,545.000,2047.000
-0.000,471.000,545.000,2047.000
-0.000,472.000,545.000,2047.000
-0.000,473.000,545.000,2047.000
-0.000,473.000,545.000,2047.000
-0.000,474.000,545.000,2047.000
-0.000,475.000,545.000,2047.000
-0.000,476.000,545.000,2047.000
-0.000,477.000,545.000,2047.000
-0.000,478.000,545.000,2047.000
-0.000,479.000,545.000,2047.000
-0.000,480.000,545.000,2047.000
-0.000,481.000,545.000,2047.000
-0.000,482.000,545.000,2047.000
-0.000,483.000,545.000,2047.000
-0.000,484.000,545.000,2047.000
-0.000,485.000,545.000,2047.000
-0.000,485.000,545.000,2047.000
-0.000,486.000,545.000,2047.000
-0.000,487.000,545.000,2047.000
-0.000,487.000,545.000,2047.000
-0.000,487.000,545.000,2047.000
-0.000,487.000,545.000,2047.000
-0.000,488.000,545.000,2047.000
-0.000,488.000,545.000,2047.000
-0.000,488.000,545.000,2047.000
-0.000,488.000,545.000,2047.000
-0.000,488.000,545.000,2047.000
-0.000,487.000,545.000,2047.000
-0.000,487.000,545.000,2047.000
-0.000,487.000,545.000,2047.000
-0.000,487.000,545.000,2047.000
-0.000,486.000,545.000,2047.000
-0.000,486.000,545.000,2047.000
-0.000,486.000,545.000,2047.000
-0.000,485.000,545.000,2047.000
-0.000,485.000,545.000,2047.000
-0.000,484.000,545.000,2047.000
-0.000,484.000,545.000,2047.000
-0.000,483.000,545.000,2047.000
-0.000,483.000,545.000,2047.000
-0.000,482.000,545.000,2047.000
-0.000,481.000,545.000,2047.000
-0.000,481.000,545.000,2047.000
-0.000,480.000,545.000,2047.000
-0.000,480.000,545.000,2047.000
-0.000,479.000,545.000,2047.000
-0.000,478.000,545.000,2047.000
-0.000,477.000,545.000,2047.000
-0.000,477.000,545.000,2047.000
-0.000,476.000,545.000,2047.000
-0.000,475.000,545.000,2047.000
-0.000,474.000,545.000,2047.000
-0.000,474.000,545.000,2047.000
-0.000,473.000,545.000,2047.000
-0.000,472.000,545.000,2047.000
-0.000,471.000,545.000,2047.000
-0.000,470.000,545.000,2047.000
-0.000,470.000,545.000,2047.000
-0.000,469.000,545.000,2047.000
-0.000,468.000,545.000,2047.000
-0.000,467.000,545.000,2047.000
-0.000,466.000,545.000,2047.000
-0.000,466.000,545.000,2047.000
14.648,465.000,545.000,2047.000
14.648,464.000,545.000,2047.000
43.945,463.000,545.000,2047.000
43.945,462.000,545.000,2047.000
78.125,461.000,545.000,2047.000
78.125,460.000,545.000,2047.000
112.305,459.000,545.000,2047.000
112.305,459.000,545.000,2047.000
146.484,457.000,545.000,2047.000
146.484,457.000,545.000,2047.000
180.664,456.000,545.000,2047.000
180.664,455.000,545.000,2047.000
209.961,454.000,545.000,2047.000
209.961,453.000,545.000,2047.000
239.258,452.000,545.000,2047.000
239.258,452.000,545.000,2047.000
263.672,451.000,545.000,2047.000
263.672,450.000,545.000,2047.000
288.086,449.000,545.000,2047.000
288.086,449.000,545.000,2047.000
307.617,448.000,545.000,2047.000
307.617,447.000,545.000,2047.000
336.914,446.000,545.000,2047.000
336.914,445.000,545.000,2047.000
371.094,443.000,545.000,2047.000
371.094,442.000,545.000,2047.000
410.156,441.000,545.000,2047.000
410.156,439.000,545.000,2047.000
458.984,438.000,545.000,2047.000
458.984,436.000,545.000,2047.000
507.812,434.000,545.000,2047.000
507.812,433.000,545.000,2047.000
556.641,432.000,545.000,2047.000
556.641,431.000,545.000,2047.000
590.820,430.000,545.000,2047.000
590.820,429.000,545.000,2047.000
610.352,429.000,545.000,2047.000
610.352,428.000,545.000,2047.000
620.117,428.000,545.000,2047.000
620.117,429.000,545.000,2047.000
600.586,429.000,545.000,2047.000
600.586,430.000,545.000,2047.000
566.406,431.000,545.000,2047.000
566.406,432.000,545.000,2047.000
507.812,434.000,545.000,2047.000
507.812,436.000,545.000,2047.000
439.453,437.000,545.000,2047.000
439.453,439.000,545.000,2047.000
371.094,440.000,545.000,2047.000
371.094,442.000,545.000,2047.000
302.734,443.000,545.000,2047.000
302.734,444.000,545.000,2047.000
253.906,445.000,545.000,2047.000
253.906,445.000,545.000,2047.000
219.727,446.000,545.000,2047.000
219.727,447.000,545.000,2047.000
190.430,447.000,545.000,2047.000
190.430,448.000,545.000,2047.000
156.250,449.000,545.000,2047.000
156.250,450.000,545.000,2047.000
117.187,451.000,545.000,2047.000
117.187,452.000,545.000,2047.000
73.242,454.000,545.000,2047.000
73.242,456.000,545.000,2047.000
9.766,458.000,545.000,2047.000
9.766,460.000,545.000,2047.000
-0.000,462.000,545.000,2047.000
-0.000,464.000,545.000,2047.000
-0.000,466.000,537.000,0.000
-0.000,467.000,537.000,0.000
-0.000,468.000,537.000,2047.000
-0.000,469.000,537.000,2047.000
-0.000,470.000,537.000,2047.000
-0.000,471.000,537.000,2047.000
-0.000,472.000,537.000,2047.000
-0.000,472.000,537.000,2047.000
-0.000,473.000,537.000,2047.000
-0.000,473.000,537.000,2047.000
-0.000,474.000,537.000,2047.000
-0.000,474.000,537.000,2047.000
-0.000,474.000,537.000,2047.000
-0.000,475.000,537.000,2047.000
-0.000,475.000,537.000,2047.000
-0.000,476.000,537.000,2047.000
-0.000,476.000,537.000,2047.000
-0.000,477.000,537.000,2047.000
-0.000,477.000,537.000,2047.000
-0.000,478.000,537.000,2047.000
-0.000,478.000,537.000,2047.000
-0.000,478.000,537.000,2047.000
-0.000,478.000,537.000,2047.000
-0.000,478.000,537.000,2047.000
-0.000,478.000,537.000,2047.000
-0.000,478.000,537.000,2047.000
-0.000,478.000,537.000,2047.000
-0.000,478.000,537.000,2047.000
-0.000,477.000,537.000,2047.000
-0.000,477.000,537.000,2047.000
-0.000,477.000,537.000,2047.000
-0.000,476.000,537.000,2047.000
-0.000,476.000,537.000,2047.000
-0.000,476.000,537.000,2047.000
-0.000,475.000,537.000,2047.000
-0.000,475.000,537.000,2047.000
-0.000,475.000,537.000,2047.000
-0.000,475.000,537.000,2047.000
-0.000,475.000,537.000,2047.000
-0.000,474.000,537.000,2047.000
-0.000,474.000,537.000,2047.000
-0.000,474.000,537.000,2047.000
-0.000,474.000,537.000,2047.000
-0.000,474.000,537.000,2047.000
-0.000,473.000,537.000,2047.000
-0.000,473.000,537.000,2047.000
-0.000,473.000,537.000,2047.000
-0.000,473.000,537.000,2047.000
-0.000,473.000,537.000,2047.000
-0.000,472.000,537.000,2047.000
-0.000,471.000,537.000,2047.000
-0.000,471.000,537.000,2047.000
-0.000,470.000,537.000,2047.000
-0.000,470.000,537.000,2047.000
-0.000,469.000,537.000,2047.000
-0.000,468.000,537.000,2047.000
-0.000,468.000,537.000,2047.000
-0.000,467.000,537.000,2047.000
-0.000,467.000,537.000,2047.000
-0.000,466.000,537.000,2047.000
-0.000,466.000,537.000,2047.000
-0.000,465.000,537.000,2047.000
-0.000,464.000,537.000,2047.000
-0.000,463.000,537.000,2047.000
4.883,463.000,537.000,2047.000
4.883,462.000,537.000,2047.000
29.297,461.000,537.000,2047.000
29.297,460.000,537.000,2047.000
63.477,459.000,537.000,2047.000
63.477,458.000,537.000,2047.000
102.539,457.000,537.000,2047.000
102.539,456.000,537.000,2047.000
136.719,455.000,537.000,2047.000
136.719,454.000,537.000,2047.000
180.664,453.000,537.000,2047.000
180.664,452.000,537.000,2047.000
219.727,451.000,537.000,2047.000
219.727,449.000,537.000,2047.000
263.672,448.000,537.000,2047.000
263.672,447.000,537.000,2047.000
307.617,445.000,537.000,2047.000
307.617,444.000,537.000,2047.000
356.445,442.000,537.000,2047.000
356.445,441.000,537.000,2047.000
400.391,440.000,537.000,2047.000
400.391,439.000,537.000,2047.000
434.570,438.000,537.000,2047.000
434.570,437.000,537.000,2047.000
468.750,436.000,537.000,2047.000
468.750,435.000,537.000,2047.000
498.047,434.000,537.000,2047.000
498.047,432.000,537.000,2047.000
532.227,431.000,537.000,2047.000
532.227,430.000,537.000,2047.000
571.289,428.000,537.000,2047.000
571.289,427.000,537.000,2047.000
615.234,426.000,537.000,2047.000
615.234,424.000,537.000,2047.000
659.180,423.000,537.000,2047.000
659.180,421.000,537.000,2047.000
703.125,420.000,537.000,2047.000
703.125,419.000,537.000,2047.000
732.422,418.000,537.000,2047.000
732.422,418.000,537.000,2047.000
737.305,418.000,537.000,2047.000
737.305,418.000,537.000,2047.000
732.422,418.000,537.000,2047.000
732.422,419.000,537.000,2047.000
703.125,420.000,537.000,2047.000
703.125,421.000,537.000,2047.000
639.648,424.000,537.000,2047.000
639.648,426.000,537.000,2047.000
537.109,429.000,537.000,2047.000
537.109,431.000,537.000,2047.000
434.570,433.000,537.000,2047.000
434.570,435.000,537.000,2047.000
346.680,436.000,537.000,2047.000
346.680,436.000,537.000,2047.000
302.734,437.000,537.000,2047.000
302.734,437.000,537.000,2047.000
283.203,437.000,537.000,2047.000
283.203,437.000,537.000,2047.000
268.555,438.000,537.000,2047.000
268.555,438.000,537.000,2047.000
258.789,438.000,537.000,2047.000
258.789,439.000,537.000,2047.000
239.258,439.000,537.000,2047.000
239.258,441.000,537.000,2047.000
200.195,442.000,537.000,2047.000
200.195,445.000,537.000,2047.000
122.070,448.000,537.000,2047.000
122.070,450.000,537.000,2047.000
14.648,453.000,537.000,2047.000
14.648,456.000,537.000,2047.000
-0.000,458.000,537.000,2047.000
-0.000,460.000,537.000,2047.000
-0.000,461.000,545.000,0.000
-0.000,463.000,545.000,0.000
-0.000,464.000,545.000,2047.000
-0.000,465.000,545.000,2047.000
-0.000,465.000,545.000,2047.000
-0.000,466.000,545.000,2047.000
-0.000,467.000,545.000,2047.000
-0.000,467.000,545.000,2047.000
-0.000,468.000,545.000,2047.000
-0.000,469.000,545.000,2047.000
-0.000,470.000,545.000,2047.000
-0.000,471.000,545.000,2047.000
-0.000,472.000,545.000,2047.000
-0.000,473.000,545.000,2047.000
-0.000,473.000,545.000,2047.000
-0.000,475.000,545.000,2047.000
-0.000,475.000,545.000,2047.000
-0.000,476.000,545.000,2047.000
-0.000,476.000,545.000,2047.000
-0.000,477.000,545.000,2047.000
-0.000,477.000,545.000,2047.000
-0.000,477.000,545.000,2047.000
-0.000,477.000,545.000,2047.000
-0.000,477.000,545.000,2047.000
-0.000,477.000,545.000,2047.000
-0.000,477.000,545.000,2047.000
-0.000,477.000,545.000,2047.000
-0.000,477.000,545.000,2047.000
-0.000,477.000,545.000,2047.000
-0.000,477.000,545.000,2047.000
-0.000,477.000,545.000,2047.000
-0.000,477.000,545.000,2047.000
-0.000,476.000,545.000,2047.000
-0.000,476.000,545.000,2047.000
-0.000,476.000,545.000,2047.000
-0.000,475.000,545.000,2047.000
-0.000,475.000,545.000,2047.000
-0.000,475.000,545.000,2047.000
-0.000,474.000,545.000,2047.000
-0.000,474.000,545.000,2047.000
-0.000,473.000,545.000,2047.000
-0.000,473.000,545.000,2047.000
-0.000,473.000,545.000,2047.000
-0.000,472.000,545.000,2047.000
-0.000,472.000,545.000,2047.000
-0.000,472.000,545.000,2047.000
-0.000,471.000,545.000,2047.000
-0.000,471.000,545.000,2047.000
-0.000,470.000,545.000,2047.000
-0.000,470.000,545.000,2047.000
-0.000,469.000,545.000,2047.000
-0.000,469.000,545.000,2047.000
-0.000,468.000,545.000,2047.000
-0.000,468.000,545.000,2047.000
-0.000,467.000,545.000,2047.000
-0.000,466.000,545.000,2047.000
-0.000,465.000,545.000,2047.000
-0.000,464.000,545.000,2047.000
-0.000,463.000,545.000,2047.000
-0.000,463.000,545.000,2047.000
-0.000,462.000,545.000,2047.000
-0.000,461.000,545.000,2047.000
-0.000,460.000,545.000,2047.000
-0.000,459.000,545.000,2047.000
4.883,459.000,545.000,2047.000
4.883,458.000,545.000,2047.000
34.180,457.000,545.000,2047.000
34.180,457.000,545.000,2047.000
58.594,456.000,545.000,2047.000
58.594,455.000,545.000,2047.000
78.125,455.000,545.000,2047.000
78.125,454.000,545.000,2047.000
102.539,454.000,545.000,2047.000
102.539,453.000,545.000,2047.000
126.953,452.000,545.000,2047.000
126.953,451.000,545.000,2047.000
156.250,451.000,545.000,2047.000
156.250,450.000,545.000,2047.000
180.664,449.000,545.000,2047.000
180.664,449.000,545.000,2047.000
200.195,448.000,545.000,2047.000
200.195,448.000,545.000,2047.000
219.727,447.000,545.000,2047.000
219.727,446.000,545.000,2047.000
234.375,446.000,545.000,2047.000
234.375,445.000,545.000,2047.000
258.789,444.000,545.000,2047.000
258.789,443.000,545.000,2047.000
292.969,442.000,545.000,2047.000
292.969,440.000,545.000,2047.000
332.031,438.000,545.000,2047.000
332.031,437.000,545.000,2047.000
395.508,434.000,545.000,2047.000
395.508,432.000,545.000,2047.000
468.750,430.000,545.000,2047.000
468.750,428.000,545.000,2047.000
541.992,426.000,545.000,2047.000
541.992,425.000,545.000,2047.000
595.703,423.000,545.000,2047.000
595.703,423.000,545.000,2047.000
629.883,422.000,545.000,2047.000
629.883,422.000,545.000,2047.000
639.648,422.000,545.000,2047.000
639.648,422.000,545.000,2047.000
629.883,422.000,545.000,2047.000
629.883,422.000,545.000,2047.000
610.352,423.000,545.000,2047.000
610.352,424.000,545.000,2047.000
566.406,425.000,545.000,2047.000
566.406,427.000,545.000,2047.000
507.812,428.000,545.000,2047.000
507.812,430.000,545.000,2047.000
439.453,431.000,545.000,2047.000
439.453,433.000,545.000,2047.000
366.211,435.000,545.000,2047.000
366.211,436.000,545.000,2047.000
302.734,438.000,545.000,2047.000
302.734,439.000,545.000,2047.000
234.375,441.000,545.000,2047.000
234.375,443.000,545.000,2047.000
166.016,444.000,545.000,2047.000
166.016,446.000,545.000,2047.000
97.656,448.000,545.000,2047.000
97.656,449.000,545.000,2047.000
29.297,451.000,545.000,2047.000
29.297,453.000,545.000,2047.000
-0.000,454.000,545.000,2047.000
-0.000,456.000,545.000,2047.000
-0.000,459.000,513.000,0.000
-0.000,461.000,513.000,0.000
-0.000,463.000,513.000,2047.000
-0.000,465.000,513.000,2047.000
-0.000,468.000,513.000,2047.000
-0.000,469.000,513.000,2047.000
-0.000,471.000,513.000,2047.000
-0.000,473.000,513.000,2047.000
-0.000,474.000,513.000,2047.000
-0.000,476.000,513.000,2047.000
-0.000,477.000,513.000,2047.000
-0.000,478.000,513.000,2047.000
-0.000,479.000,513.000,2047.000
-0.000,480.000,513.000,2047.000
-0.000,481.000,513.000,2047.000
-0.000,481.000,513.000,2047.000
-0.000,482.000,513.000,2047.000
-0.000,482.000,513.000,2047.000
-0.000,483.000,513.000,2047.000
-0.000,484.000,513.000,2047.000
-0.000,484.000,513.000,2047.000
-0.000,485.000,513.000,2047.000
-0.000,486.000,513.000,2047.000
-0.000,487.000,513.000,2047.000
-0.000,487.000,513.000,2047.000
-0.000,487.000,513.000,2047.000
-0.000,488.000,513.000,2047.000
-0.000,488.000,513.000,2047.000
-0.000,488.000,513.000,2047.000
-0.000,488.000,513.000,2047.000
-0.000,488.000,513.000,2047.000
-0.000,488.000,513.000,2047.000
-0.000,487.000,513.000,2047.000
-0.000,487.000,513.000,2047.000
-0.000,487.000,513.000,2047.000
-0.000,486.000,513.000,2047.000
-0.000,486.000,513.000,2047.000
-0.000,485.000,513.000,2047.000
-0.000,485.000,513.000,2047.000
-0.000,484.000,513.000,2047.000
-0.000,484.000,513.000,2047.000
-0.000,484.000,513.000,2047.000
-0.000,483.000,513.000,2047.000
-0.000,483.000,513.000,2047.000
-0.000,482.000,513.000,2047.000
-0.000,481.000,513.000,2047.000
-0.000,481.000,513.000,2047.000
-0.000,481.000,513.000,2047.000
-0.000,480.000,513.000,2047.000
-0.000,480.000,513.000,2047.000
-0.000,480.000,513.000,2047.000
-0.000,479.000,513.000,2047.000
-0.000,479.000,513.000,2047.000
-0.000,478.000,513.000,2047.000
-0.000,477.000,513.000,2047.000
-0.000,477.000,513.000,2047.000
-0.000,476.000,513.000,2047.000
-0.000,476.000,513.000,2047.000
-0.000,475.000,513.000,2047.000
-0.000,474.000,513.000,2047.000
-0.000,474.000,513.000,2047.000
-0.000,473.000,513.000,2047.000
-0.000,472.000,513.000,2047.000
-0.000,472.000,513.000,2047.000
-0.000,471.000,513.000,2047.000
-0.000,470.000,513.000,2047.000
-0.000,470.000,513.000,2047.000
-0.000,469.000,513.000,2047.000
-0.000,468.000,513.000,2047.000
-0.000,467.000,513.000,2047.000
-0.000,466.000,513.000,2047.000
-0.000,465.000,513.000,2047.000
-0.000,464.000,513.000,2047.000
-0.000,463.000,513.000,2047.000
14.648,462.000,513.000,2047.000
14.648,461.000,513.000,2047.000
53.711,460.000,513.000,2047.000
53.711,459.000,513.000,2047.000
97.656,457.000,513.000,2047.000
97.656,456.000,513.000,2047.000
141.602,455.000,513.000,2047.000
141.602,453.000,513.000,2047.000
195.312,452.000,513.000,2047.000
195.312,450.000,513.000,2047.000
249.023,448.000,513.000,2047.000
249.023,447.000,513.000,2047.000
307.617,445.000,513.000,2047.000
307.617,444.000,513.000,2047.000
366.211,442.000,513.000,2047.000
366.211,441.000,513.000,2047.000
415.039,439.000,513.000,2047.000
415.039,438.000,513.000,2047.000
463.867,436.000,513.000,2047.000
463.867,435.000,513.000,2047.000
512.695,433.000,513.000,2047.000
512.695,432.000,513.000,2047.000
561.523,430.000,513.000,2047.000
561.523,429.000,513.000,2047.000
605.469,427.000,513.000,2047.000
605.469,426.000,513.000,2047.000
649.414,425.000,513.000,2047.000
649.414,423.000,513.000,2047.000
688.477,422.000,513.000,2047.000
688.477,421.000,513.000,2047.000
717.773,421.000,513.000,2047.000
717.773,421.000,513.000,2047.000
727.539,421.000,513.000,2047.000
727.539,421.000,513.000,2047.000
712.891,422.000,513.000,2047.000
712.891,423.000,513.000,2047.000
668.945,425.000,513.000,2047.000
668.945,428.000,513.000,2047.000
581.055,430.000,513.000,2047.000
581.055,433.000,513.000,2047.000
458.984,436.000,513.000,2047.000
458.984,439.000,513.000,2047.000
341.797,441.000,513.000,2047.000
341.797,442.000,513.000,2047.000
258.789,443.000,513.000,2047.000
258.789,443.000,513.000,2047.000
219.727,443.000,513.000,2047.000
219.727,443.000,513.000,2047.000
209.961,443.000,513.000,2047.000
209.961,443.000,513.000,2047.000
209.961,443.000,513.000,2047.000
209.961,443.000,513.000,2047.000
214.844,443.000,513.000,2047.000
214.844,444.000,513.000,2047.000
195.312,445.000,513.000,2047.000
195.312,447.000,513.000,2047.000
151.367,448.000,513.000,2047.000
151.367,451.000,513.000,2047.000
73.242,454.000,513.000,2047.000
73.242,457.000,513.000,2047.000
-0.000,460.000,513.000,2047.000
-0.000,463.000,513.000,2047.000
-0.000,465.000,545.000,0.000
-0.000,467.000,545.000,0.000
-0.000,469.000,545.000,2047.000
-0.000,470.000,545.000,2047.000
-0.000,471.000,545.000,2047.000
-0.000,472.000,545.000,2047.000
-0.000,473.000,545.000,2047.000
-0.000,473.000,545.000,2047.000
-0.000,474.000,545.000,2047.000
-0.000,475.000,545.000,2047.000
-0.000,476.000,545.000,2047.000
-0.000,477.000,545.000,2047.000
-0.000,478.000,545.000,2047.000
-0.000,479.000,545.000,2047.000
-0.000,480.000,545.000,2047.000
-0.000,481.000,545.000,2047.000
-0.000,482.000,545.000,2047.000
-0.000,483.000,545.000,2047.000
-0.000,484.000,545.000,2047.000
-0.000,485.000,545.000,2047.000
-0.000,486.000,545.000,2047.000
-0.000,486.000,545.000,2047.000
-0.000,486.000,545.000,2047.000
-0.000,487.000,545.000,2047.000
-0.000,487.000,545.000,2047.000
-0.000,487.000,545.000,2047.000
-0.000,487.000,545.000,2047.000
-0.000,487.000,545.000,2047.000
-0.000,487.000,545.000,2047.000
-0.000,487.000,545.000,2047.000
-0.000,486.000,545.000,2047.000
-0.000,486.000,545.000,2047.000
-0.000,486.000,545.000,2047.000
-0.000,486.000,545.000,2047.000
-0.000,486.000,545.000,2047.000
-0.000,485.000,545.000,2047.000
-0.000,485.000,545.000,2047.000
-0.000,485.000,545.000,2047.000
-0.000,485.000,545.000,2047.000
-0.000,484.000,545.000,2047.000
-0.000,484.000,545.000,2047.000
-0.000,483.000,545.000,2047.000
-0.000,483.000,545.000,2047.000
-0.000,482.000,545.000,2047.000
-0.000,482.000,545.000,2047.000
-0.000,481.000,545.000,2047.000
-0.000,481.000,545.000,2047.000
-0.000,480.000,545.000,2047.000
-0.000,480.000,545.000,2047.000
-0.000,479.000,545.000,2047.000
-0.000,479.000,545.000,2047.000
-0.000,478.000,545.000,2047.000
-0.000,477.000,545.000,2047.000
-0.000,477.000,545.000,2047.000
-0.000,476.000,545.000,2047.000
-0.000,475.000,545.000,2047.000
-0.000,475.000,545.000,2047.000
-0.000,474.000,545.000,2047.000
-0.000,473.000,545.000,2047.000
-0.000,472.000,545.000,2047.000
-0.000,471.000,545.000,2047.000
-0.000,471.000,545.000,2047.000
-0.000,470.000,545.000,2047.000
-0.000,469.000,545.000,2047.000
-0.000,468.000,545.000,2047.000
-0.000,467.000,545.000,2047.000
-0.000,467.000,545.000,2047.000
-0.000,466.000,545.000,2047.000
-0.000,465.000,545.000,2047.000
-0.000,464.000,545.000,2047.000
24.414,463.000,545.000,2047.000
24.414,462.000,545.000,2047.000
58.594,461.000,545.000,2047.000
58.594,460.000,545.000,2047.000
92.773,459.000,545.000,2047.000
92.773,458.000,545.000,2047.000
126.953,457.000,545.000,2047.000
126.953,457.000,545.000,2047.000
156.250,456.000,545.000,2047.000
156.250,455.000,545.000,2047.000
190.430,454.000,545.000,2047.000
190.430,453.000,545.000,2047.000
219.727,452.000,545.000,2047.000
219.727,451.000,545.000,2047.000
249.023,450.000,545.000,2047.000
249.023,449.000,545.000,2047.000
278.320,448.000,545.000,2047.000
278.320,448.000,545.000,2047.000
312.500,446.000,545.000,2047.000
312.500,445.000,545.000,2047.000
351.562,444.000,545.000,2047.000
351.562,443.000,545.000,2047.000
390.625,441.000,545.000,2047.000
390.625,440.000,545.000,2047.000
439.453,438.000,545.000,2047.000
439.453,436.000,545.000,2047.000
488.281,435.000,545.000,2047.000
488.281,433.000,545.000,2047.000
541.992,431.000,545.000,2047.000
541.992,430.000,545.000,2047.000
595.703,429.000,545.000,2047.000
595.703,428.000,545.000,2047.000
625.000,427.000,545.000,2047.000
625.000,427.000,545.000,2047.000
639.648,427.000,545.000,2047.000
639.648,427.000,545.000,2047.000
634.766,427.000,545.000,2047.000
634.766,428.000,545.000,2047.000
610.352,429.000,545.000,2047.000
610.352,430.000,545.000,2047.000
566.406,431.000,545.000,2047.000
566.406,432.000,545.000,2047.000
507.812,433.000,545.000,2047.000
507.812,435.000,545.000,2047.000
454.102,436.000,545.000,2047.000
454.102,437.000,545.000,2047.000
395.508,438.000,545.000,2047.000
395.508,439.000,545.000,2047.000
346.680,440.000,545.000,2047.000
346.680,441.000,545.000,2047.000
302.734,442.000,545.000,2047.000
302.734,443.000,545.000,2047.000
258.789,444.000,545.000,2047.000
258.789,446.000,545.000,2047.000
205.078,448.000,545.000,2047.000
205.078,450.000,545.000,2047.000
131.836,452.000,545.000,2047.000
131.836,454.000,545.000,2047.000
53.711,456.000,545.000,2047.000
53.711,458.000,545.000,2047.000
-0.000,460.000,545.000,2047.000
-0.000,462.000,545.000,2047.000
-0.000,464.000,529.000,0.000
-0.000,466.000,529.000,0.000
-0.000,467.000,529.000,2047.000
-0.000,469.000,529.000,2047.000
-0.000,470.000,529.000,2047.000
-0.000,471.000,529.000,2047.000
-0.000,472.000,529.000,2047.000
-0.000,473.000,529.000,2047.000
-0.000,475.000,529.000,2047.000
-0.000,476.000,529.000,2047.000
-0.000,477.000,529.000,2047.000
-0.000,478.000,529.000,2047.000
-0.000,480.000,529.000,2047.000
-0.000,481.000,529.000,2047.000
-0.000,482.000,529.000,2047.000
-0.000,483.000,529.000,2047.000
-0.000,483.000,529.000,2047.000
-0.000,484.000,529.000,2047.000
-0.000,484.000,529.000,2047.000
-0.000,485.000,529.000,2047.000
-0.000,485.000,529.000,2047.000
-0.000,486.000,529.000,2047.000
-0.000,486.000,529.000,2047.000
-0.000,486.000,529.000,2047.000
-0.000,486.000,529.000,2047.000
-0.000,487.000,529.000,2047.000
-0.000,486.000,529.000,2047.000
-0.000,486.000,529.000,2047.000
-0.000,487.000,529.000,2047.000
-0.000,487.000,529.000,2047.000
-0.000,487.000,529.000,2047.000
-0.000,487.000,529.000,2047.000
-0.000,487.000,529.000,2047.000
-0.000,487.000,529.000,2047.000
-0.000,486.000,529.000,2047.000
-0.000,486.000,529.000,2047.000
-0.000,486.000,529.000,2047.000
-0.000,485.000,529.000,2047.000
-0.000,485.000,529.000,2047.000
-0.000,484.000,529.000,2047.000
-0.000,484.000,529.000,2047.000
-0.000,483.000,529.000,2047.000
-0.000,482.000,529.000,2047.000
-0.000,482.000,529.000,2047.000
-0.000,481.000,529.000,2047.000
-0.000,480.000,529.000,2047.000
-0.000,480.000,529.000,2047.000
-0.000,479.000,529.000,2047.000
-0.000,478.000,529.000,2047.000
-0.000,478.000,529.000,2047.000
-0.000,478.000,529.000,2047.000
-0.000,477.000,529.000,2047.000
-0.000,477.000,529.000,2047.000
-0.000,476.000,529.000,2047.000
-0.000,475.000,529.000,2047.000
-0.000,475.000,529.000,2047.000
-0.000,474.000,529.000,2047.000
-0.000,473.000,529.000,2047.000
-0.000,473.000,529.000,2047.000
-0.000,472.000,529.000,2047.000
-0.000,472.000,529.000,2047.000
-0.000,471.000,529.000,2047.000
-0.000,470.000,529.000,2047.000
-0.000,469.000,529.000,2047.000
-0.000,468.000,529.000,2047.000
-0.000,468.000,529.000,2047.000
-0.000,467.000,529.000,2047.000
-0.000,466.000,529.000,2047.000
-0.000,466.000,529.000,2047.000
-0.000,465.000,529.000,2047.000
19.531,464.000,529.000,2047.000
19.531,463.000,529.000,2047.000
48.828,462.000,529.000,2047.000
48.828,461.000,529.000,2047.000
83.008,461.000,529.000,2047.000
83.008,460.000,529.000,2047.000
117.187,459.000,529.000,2047.000
117.187,458.000,529.000,2047.000
151.367,457.000,529.000,2047.000
151.367,456.000,529.000,2047.000
180.664,455.000,529.000,2047.000
180.664,454.000,529.000,2047.000
214.844,453.000,529.000,2047.000
214.844,452.000,529.000,2047.000
249.023,451.000,529.000,2047.000
249.023,450.000,529.000,2047.000
283.203,449.000,529.000,2047.000
283.203,448.000,529.000,2047.000
322.266,447.000,529.000,2047.000
322.266,445.000,529.000,2047.000
356.445,444.000,529.000,2047.000
356.445,442.000,529.000,2047.000
405.273,441.000,529.000,2047.000
405.273,439.000,529.000,2047.000
458.984,437.000,529.000,2047.000
458.984,435.000,529.000,2047.000
517.578,434.000,529.000,2047.000
517.578,432.000,529.000,2047.000
576.172,431.000,529.000,2047.000
576.172,429.000,529.000,2047.000
625.000,428.000,529.000,2047.000
625.000,427.000,529.000,2047.000
659.180,426.000,529.000,2047.000
659.180,426.000,529.000,2047.000
678.711,426.000,529.000,2047.000
678.711,426.000,529.000,2047.000
673.828,427.000,529.000,2047.000
673.828,428.000,529.000,2047.000
634.766,430.000,529.000,2047.000
634.766,432.000,529.000,2047.000
556.641,434.000,529.000,2047.000
556.641,437.000,529.000,2047.000
458.984,439.000,529.000,2047.000
458.984,441.000,529.000,2047.000
356.445,443.000,529.000,2047.000
356.445,444.000,529.000,2047.000
283.203,445.000,529.000,2047.000
283.203,446.000,529.000,2047.000
229.492,447.000,529.000,2047.000
229.492,447.000,529.000,2047.000
200.195,447.000,529.000,2047.000
200.195,448.000,529.000,2047.000
180.664,448.000,529.000,2047.000
180.664,449.000,529.000,2047.000
161.133,450.000,529.000,2047.000
161.133,451.000,529.000,2047.000
122.070,454.000,529.000,2047.000
122.070,456.000,529.000,2047.000
43.945,459.000,529.000,2047.000
43.945,462.000,529.000,2047.000
-0.000,465.000,529.000,2047.000
-0.000,468.000,529.000,2047.000
-0.000,471.000,529.000,0.000
-0.000,473.000,529.000,2047.000
-0.000,475.000,529.000,2047.000
-0.000,478.000,529.000,2047.000
-0.000,479.000,529.000,2047.000
-0.000,480.000,529.000,2047.000
-0.000,481.000,529.000,2047.000
-0.000,481.000,529.000,2047.000
-0.000,482.000,529.000,2047.000
-0.000,483.000,529.000,2047.000
-0.000,483.000,529.000,2047.000
-0.000,484.000,529.000,2047.000
-0.000,485.000,529.000,2047.000
-0.000,487.000,529.000,2047.000
-0.000,488.000,529.000,2047.000
-0.000,489.000,529.000,2047.000
-0.000,490.000,529.000,2047.000
-0.000,492.000,529.000,2047.000
-0.000,493.000,529.000,2047.000
-0.000,494.000,529.000,2047.000
-0.000,495.000,529.000,2047.000
-0.000,495.000,529.000,2047.000
-0.000,496.000,529.000,2047.000
-0.000,497.000,529.000,2047.000
-0.000,497.000,529.000,2047.000
-0.000,497.000,529.000,2047.000
-0.000,497.000,529.000,2047.000
-0.000,497.000,529.000,2047.000
-0.000,497.000,529.000,2047.000
-0.000,497.000,529.000,2047.000
-0.000,497.000,529.000,2047.000
-0.000,497.000,529.000,2047.000
-0.000,497.000,529.000,2047.000
-0.000,496.000,529.000,2047.000
-0.000,496.000,529.000,2047.000
-0.000,495.000,529.000,2047.000
-0.000,495.000,529.000,2047.000
-0.000,494.000,529.000,2047.000
-0.000,493.000,529.000,2047.000
-0.000,493.000,529.000,2047.000
-0.000,492.000,529.000,2047.000
-0.000,492.000,529.000,2047.000
-0.000,491.000,529.000,2047.000
-0.000,491.000,529.000,2047.000
-0.000,490.000,529.000,2047.000
-0.000,490.000,529.000,2047.000
-0.000,489.000,529.000,2047.000
-0.000,489.000,529.000,2047.000
-0.000,488.000,529.000,2047.000
-0.000,488.000,529.000,2047.000
-0.000,487.000,529.000,2047.000
-0.000,486.000,529.000,2047.000
-0.000,486.000,529.000,2047.000
-0.000,485.000,529.000,2047.000
-0.000,484.000,529.000,2047.000
-0.000,483.000,529.000,2047.000
-0.000,482.000,529.000,2047.000
-0.000,481.000,529.000,2047.000
-0.000,480.000,529.000,2047.000
-0.000,479.000,529.000,2047.000
-0.000,478.000,529.000,2047.000
-0.000,477.000,529.000,2047.000
-0.000,476.000,529.000,2047.000
-0.000,475.000,529.000,2047.000
-0.000,474.000,529.000,2047.000
-0.000,472.000,529.000,2047.000
-0.000,471.000,529.000,2047.000
4.883,470.000,529.000,2047.000
4.883,469.000,529.000,2047.000
48.828,468.000,529.000,2047.000
48.828,467.000,529.000,2047.000
87.891,466.000,529.000,2047.000
87.891,464.000,529.000,2047.000
131.836,463.000,529.000,2047.000
131.836,462.000,529.000,2047.000
170.898,461.000,529.000,2047.000
170.898,460.000,529.000,2047.000
214.844,459.000,529.000,2047.000
214.844,458.000,529.000,2047.000
249.023,457.000,529.000,2047.000
249.023,456.000,529.000,2047.000
278.320,455.000,529.000,2047.000
278.320,454.000,529.000,2047.000
312.500,453.000,529.000,2047.000
312.500,452.000,529.000,2047.000
336.914,451.000,529.000,2047.000
336.914,450.000,529.000,2047.000
371.094,449.000,529.000,2047.000
371.094,448.000,529.000,2047.000
405.273,447.000,529.000,2047.000
405.273,446.000,529.000,2047.000
444.336,444.000,529.000,2047.000
444.336,443.000,529.000,2047.000
493.164,441.000,529.000,2047.000
493.164,439.000,529.000,2047.000
551.758,438.000,529.000,2047.000
551.758,436.000,529.000,2047.000
595.703,435.000,529.000,2047.000
595.703,434.000,529.000,2047.000
629.883,433.000,529.000,2047.000
629.883,432.000,529.000,2047.000
644.531,432.000,529.000,2047.000
644.531,432.000,529.000,2047.000
649.414,431.000,529.000,2047.000
649.414,432.000,529.000,2047.000
634.766,432.000,529.000,2047.000
634.766,433.000,529.000,2047.000
600.586,434.000,529.000,2047.000
600.586,435.000,529.000,2047.000
546.875,436.000,529.000,2047.000
546.875,437.000,529.000,2047.000
493.164,438.000,529.000,2047.000
493.164,439.000,529.000,2047.000
444.336,440.000,529.000,2047.000
444.336,441.000,529.000,2047.000
395.508,442.000,529.000,2047.000
395.508,443.000,529.000,2047.000
346.680,444.000,529.000,2047.000
346.680,446.000,529.000,2047.000
297.852,447.000,529.000,2047.000
297.852,448.000,529.000,2047.000
253.906,448.000,529.000,2047.000
253.906,449.000,529.000,2047.000
214.844,450.000,529.000,2047.000
214.844,451.000,529.000,2047.000
175.781,452.000,529.000,2047.000
175.781,454.000,529.000,2047.000
122.070,455.000,529.000,2047.000
122.070,457.000,529.000,2047.000
53.711,459.000,529.000,2047.000
53.711,461.000,529.000,2047.000
-0.000,463.000,529.000,2047.000
-0.000,465.000,529.000,2047.000
-0.000,467.000,537.000,0.000
-0.000,469.000,537.000,0.000
-0.000,471.000,537.000,2047.000
-0.000,473.000,537.000,2047.000
-0.000,475.000,537.000,2047.000
-0.000,476.000,537.000,2047.000
-0.000,477.000,537.000,2047.000
-0.000,478.000,537.000,2047.000
-0.000,479.000,537.000,2047.000
-0.000,479.000,537.000,2047.000
-0.000,480.000,537.000,2047.000
-0.000,481.000,537.000,2047.000
-0.000,481.000,537.000,2047.000
-0.000,482.000,537.000,2047.000
-0.000,483.000,537.000,2047.000
-0.000,484.000,537.000,2047.000
-0.000,485.000,537.000,2047.000
-0.000,487.000,537.000,2047.000
-0.000,488.000,537.000,2047.000
-0.000,489.000,537.000,2047.000
-0.000,490.000,537.000,2047.000
-0.000,490.000,537.000,2047.000
-0.000,491.000,537.000,2047.000
-0.000,492.000,537.000,2047.000
-0.000,492.000,537.000,2047.000
-0.000,492.000,537.000,2047.000
-0.000,492.000,537.000,2047.000
-0.000,492.000,537.000,2047.000
-0.000,492.000,537.000,2047.000
-0.000,492.000,537.000,2047.000
-0.000,491.000,537.000,2047.000
-0.000,491.000,537.000,2047.000
-0.000,491.000,537.000,2047.000
-0.000,491.000,537.000,2047.000
-0.000,491.000,537.000,2047.000
-0.000,490.000,537.000,2047.000
-0.000,490.000,537.000,2047.000
-0.000,490.000,537.000,2047.000
-0.000,490.000,537.000,2047.000
-0.000,489.000,537.000,2047.000
-0.000,489.000,537.000,2047.000
-0.000,489.000,537.000,2047.000
-0.000,488.000,537.000,2047.000
-0.000,488.000,537.000,2047.000
-0.000,487.000,537.000,2047.000
-0.000,486.000,537.000,2047.000
-0.000,486.000,537.000,2047.000
-0.000,485.000,537.000,2047.000
-0.000,484.000,537.000,2047.000
-0.000,483.000,537.000,2047.000
-0.000,482.000,537.000,2047.000
-0.000,481.000,537.000,2047.000
-0.000,480.000,537.000,2047.000
-0.000,480.000,537.000,2047.000
-0.000,479.000,537.000,2047.000
-0.000,478.000,537.000,2047.000
-0.000,478.000,537.000,2047.000
-0.000,477.000,537.000,2047.000
-0.000,476.000,537.000,2047.000
-0.000,476.000,537.000,2047.000
-0.000,475.000,537.000,2047.000
-0.000,475.000,537.000,2047.000
-0.000,474.000,537.000,2047.000
-0.000,474.000,537.000,2047.000
-0.000,473.000,537.000,2047.000
-0.000,472.000,537.000,2047.000
-0.000,471.000,537.000,2047.000
-0.000,470.000,537.000,2047.000
14.648,469.000,537.000,2047.000
14.648,468.000,537.000,2047.000
53.711,467.000,537.000,2047.000
53.711,466.000,537.000,2047.000
92.773,465.000,537.000,2047.000
92.773,464.000,537.000,2047.000
126.953,463.000,537.000,2047.000
126.953,462.000,537.000,2047.000
161.133,461.000,537.000,2047.000
161.133,460.000,537.000,2047.000
195.312,459.000,537.000,2047.000
195.312,458.000,537.000,2047.000
229.492,458.000,537.000,2047.000
229.492,457.000,537.000,2047.000
258.789,456.000,537.000,2047.000
258.789,455.000,537.000,2047.000
292.969,454.000,537.000,2047.000
292.969,453.000,537.000,2047.000
327.148,452.000,537.000,2047.000
327.148,450.000,537.000,2047.000
361.328,449.000,537.000,2047.000
361.328,448.000,537.000,2047.000
395.508,447.000,537.000,2047.000
395.508,446.000,537.000,2047.000
429.687,445.000,537.000,2047.000
429.687,444.000,537.000,2047.000
463.867,442.000,537.000,2047.000
463.867,441.000,537.000,2047.000
507.812,439.000,537.000,2047.000
507.812,438.000,537.000,2047.000
556.641,436.000,537.000,2047.000
556.641,435.000,537.000,2047.000
610.352,433.000,537.000,2047.000
610.352,432.000,537.000,2047.000
654.297,430.000,537.000,2047.000
654.297,429.000,537.000,2047.000
693.359,428.000,537.000,2047.000
693.359,427.000,537.000,2047.000
717.773,427.000,537.000,2047.000
717.773,426.000,537.000,2047.000
722.656,426.000,537.000,2047.000
722.656,426.000,537.000,2047.000
712.891,427.000,537.000,2047.000
712.891,428.000,537.000,2047.000
673.828,429.000,537.000,2047.000
673.828,431.000,537.000,2047.000
600.586,433.000,537.000,2047.000
600.586,436.000,537.000,2047.000
498.047,438.000,537.000,2047.000
498.047,441.000,537.000,2047.000
390.625,443.000,537.000,2047.000
390.625,445.000,537.000,2047.000
302.734,446.000,537.000,2047.000
302.734,447.000,537.000,2047.000
253.906,447.000,537.000,2047.000
253.906,448.000,537.000,2047.000
229.492,448.000,537.000,2047.000
229.492,448.000,537.000,2047.000
214.844,448.000,537.000,2047.000
214.844,449.000,537.000,2047.000
195.312,450.000,537.000,2047.000
195.312,451.000,537.000,2047.000
151.367,453.000,537.000,2047.000
151.367,455.000,537.000,2047.000
78.125,458.000,537.000,2047.000
78.125,461.000,537.000,2047.000
-0.000,464.000,537.000,2047.000
-0.000,466.000,537.000,2047.000
-0.000,469.000,545.000,0.000
-0.000,472.000,545.000,0.000
-0.000,473.000,545.000,2047.000
-0.000,475.000,545.000,2047.000
-0.000,476.000,545.000,2047.000
-0.000,476.000,545.000,2047.000
-0.000,477.000,545.000,2047.000
-0.000,477.000,545.000,2047.000
-0.000,477.000,545.000,2047.000
-0.000,477.000,545.000,2047.000
-0.000,478.000,545.000,2047.000
-0.000,478.000,545.000,2047.000
-0.000,479.000,545.000,2047.000
-0.000,479.000,545.000,2047.000
-0.000,480.000,545.000,2047.000
-0.000,481.000,545.000,2047.000
-0.000,482.000,545.000,2047.000
-0.000,483.000,545.000,2047.000
-0.000,484.000,545.000,2047.000
-0.000,484.000,545.000,2047.000
-0.000,485.000,545.000,2047.000
-0.000,486.000,545.000,2047.000
-0.000,486.000,545.000,2047.000
-0.000,486.000,545.000,2047.000
-0.000,486.000,545.000,2047.000
-0.000,486.000,545.000,2047.000
-0.000,486.000,545.000,2047.000
-0.000,485.000,545.000,2047.000
-0.000,485.000,545.000,2047.000
-0.000,485.000,545.000,2047.000
-0.000,485.000,545.000,2047.000
-0.000,484.000,545.000,2047.000
-0.000,484.000,545.000,2047.000
-0.000,484.000,545.000,2047.000
-0.000,484.000,545.000,2047.000
-0.000,483.000,545.000,2047.000
-0.000,483.000,545.000,2047.000
-0.000,483.000,545.000,2047.000
-0.000,483.000,545.000,2047.000
-0.000,482.000,545.000,2047.000
-0.000,482.000,545.000,2047.000
-0.000,482.000,545.000,2047.000
-0.000,481.000,545.000,2047.000
-0.000,481.000,545.000,2047.000
-0.000,481.000,545.000,2047.000
-0.000,480.000,545.000,2047.000
-0.000,480.000,545.000,2047.000
-0.000,480.000,545.000,2047.000
-0.000,479.000,545.000,2047.000
-0.000,479.000,545.000,2047.000
-0.000,479.000,545.000,2047.000
-0.000,478.000,545.000,2047.000
-0.000,477.000,545.000,2047.000
-0.000,477.000,545.000,2047.000
-0.000,476.000,545.000,2047.000
-0.000,475.000,545.000,2047.000
-0.000,474.000,545.000,2047.000
-0.000,474.000,545.000,2047.000
-0.000,473.000,545.000,2047.000
-0.000,472.000,545.000,2047.000
-0.000,471.000,545.000,2047.000
-0.000,470.000,545.000,2047.000
-0.000,469.000,545.000,2047.000
-0.000,468.000,545.000,2047.000
4.883,467.000,545.000,2047.000
4.883,466.000,545.000,2047.000
43.945,465.000,545.000,2047.000
43.945,464.000,545.000,2047.000
78.125,463.000,545.000,2047.000
78.125,462.000,545.000,2047.000
112.305,461.000,545.000,2047.000
112.305,460.000,545.000,2047.000
151.367,459.000,545.000,2047.000
151.367,458.000,545.000,2047.000
185.547,457.000,545.000,2047.000
185.547,456.000,545.000,2047.000
224.609,455.000,545.000,2047.000
224.609,454.000,545.000,2047.000
253.906,453.000,545.000,2047.000
253.906,452.000,545.000,2047.000
288.086,451.000,545.000,2047.000
288.086,450.000,545.000,2047.000
317.383,449.000,545.000,2047.000
317.383,448.000,545.000,2047.000
351.562,447.000,545.000,2047.000
351.562,446.000,545.000,2047.000
380.859,446.000,545.000,2047.000
380.859,445.000,545.000,2047.000
405.273,444.000,545.000,2047.000
405.273,443.000,545.000,2047.000
439.453,441.000,545.000,2047.000
439.453,440.000,545.000,2047.000
478.516,439.000,545.000,2047.000
478.516,437.000,545.000,2047.000
522.461,435.000,545.000,2047.000
522.461,434.000,545.000,2047.000
576.172,432.000,545.000,2047.000
576.172,431.000,545.000,2047.000
620.117,430.000,545.000,2047.000
620.117,429.000,545.000,2047.000
654.297,428.000,545.000,2047.000
654.297,427.000,545.000,2047.000
673.828,427.000,545.000,2047.000
673.828,426.000,545.000,2047.000
673.828,426.000,545.000,2047.000
673.828,427.000,545.000,2047.000
659.180,427.000,545.000,2047.000
659.180,428.000,545.000,2047.000
615.234,430.000,545.000,2047.000
615.234,431.000,545.000,2047.000
551.758,433.000,545.000,2047.000
551.758,434.000,545.000,2047.000
488.281,436.000,545.000,2047.000
488.281,437.000,545.000,2047.000
419.922,438.000,545.000,2047.000
419.922,439.000,545.000,2047.000
371.094,440.000,545.000,2047.000
371.094,441.000,545.000,2047.000
322.266,442.000,545.000,2047.000
322.266,443.000,545.000,2047.000
278.320,444.000,545.000,2047.000
278.320,445.000,545.000,2047.000
234.375,446.000,545.000,2047.000
234.375,447.000,545.000,2047.000
190.430,449.000,545.000,2047.000
190.430,450.000,545.000,2047.000
122.070,452.000,545.000,2047.000
122.070,455.000,545.000,2047.000
39.062,457.000,545.000,2047.000
39.062,459.000,545.000,2047.000
-0.000,462.000,545.000,2047.000
-0.000,463.000,545.000,2047.000
-0.000,466.000,529.000,0.000
-0.000,468.000,529.000,0.000
-0.000,470.000,529.000,2047.000
-0.000,472.000,529.000,2047.000
-0.000,475.000,529.000,2047.000
-0.000,477.000,529.000,2047.000
-0.000,479.000,529.000,2047.000
-0.000,480.000,529.000,2047.000
-0.000,481.000,529.000,2047.000
-0.000,483.000,529.000,2047.000
-0.000,484.000,529.000,2047.000
-0.000,485.000,529.000,2047.000
-0.000,486.000,529.000,2047.000
-0.000,487.000,529.000,2047.000
-0.000,488.000,529.000,2047.000
-0.000,489.000,529.000,2047.000
-0.000,490.000,529.000,2047.000
-0.000,491.000,529.000,2047.000
-0.000,492.000,529.000,2047.000
-0.000,493.000,529.000,2047.000
-0.000,494.000,529.000,2047.000
-0.000,495.000,529.000,2047.000
-0.000,496.000,529.000,2047.000
-0.000,497.000,529.000,2047.000
-0.000,498.000,529.000,2047.000
-0.000,498.000,529.000,2047.000
-0.000,498.000,529.000,2047.000
-0.000,498.000,529.000,2047.000
-0.000,498.000,529.000,2047.000
-0.000,498.000,529.000,2047.000
-0.000,498.000,529.000,2047.000
-0.000,498.000,529.000,2047.000
-0.000,498.000,529.000,2047.000
-0.000,497.000,529.000,2047.000
-0.000,497.000,529.000,2047.000
-0.000,496.000,529.000,2047.000
-0.000,496.000,529.000,2047.000
-0.000,495.000,529.000,2047.000
-0.000,495.000,529.000,2047.000
-0.000,495.000,529.000,2047.000
-0.000,494.000,529.000,2047.000
-0.000,494.000,529.000,2047.000
-0.000,493.000,529.000,2047.000
-0.000,493.000,529.000,2047.000
-0.000,492.000,529.000,2047.000
-0.000,491.000,529.000,2047.000
-0.000,490.000,529.000,2047.000
-0.000,490.000,529.000,2047.000
-0.000,489.000,529.000,2047.000
-0.000,488.000,529.000,2047.000
-0.000,487.000,529.000,2047.000
-0.000,486.000,529.000,2047.000
-0.000,485.000,529.000,2047.000
-0.000,484.000,529.000,2047.000
-0.000,483.000,529.000,2047.000
-0.000,482.000,529.000,2047.000
-0.000,481.000,529.000,2047.000
-0.000,480.000,529.000,2047.000
-0.000,480.000,529.000,2047.000
-0.000,479.000,529.000,2047.000
-0.000,478.000,529.000,2047.000
-0.000,477.000,529.000,2047.000
-0.000,477.000,529.000,2047.000
-0.000,476.000,529.000,2047.000
-0.000,475.000,529.000,2047.000
-0.000,475.000,529.000,2047.000
-0.000,474.000,529.000,2047.000
-0.000,473.000,529.000,2047.000
-0.000,473.000,529.000,2047.000
-0.000,472.000,529.000,2047.000
-0.000,472.000,529.000,2047.000
-0.000,471.000,529.000,2047.000
-0.000,471.000,529.000,2047.000
-0.000,470.000,529.000,2047.000
19.531,470.000,529.000,2047.000
19.531,469.000,529.000,2047.000
39.062,468.000,529.000,2047.000
39.062,468.000,529.000,2047.000
63.477,467.000,529.000,2047.000
63.477,467.000,529.000,2047.000
83.008,466.000,529.000,2047.000
83.008,465.000,529.000,2047.000
102.539,465.000,529.000,2047.000
102.539,464.000,529.000,2047.000
131.836,463.000,529.000,2047.000
131.836,462.000,529.000,2047.000
161.133,461.000,529.000,2047.000
161.133,460.000,529.000,2047.000
195.312,459.000,529.000,2047.000
195.312,458.000,529.000,2047.000
229.492,457.000,529.000,2047.000
229.492,456.000,529.000,2047.000
263.672,455.000,529.000,2047.000
263.672,454.000,529.000,2047.000
302.734,452.000,529.000,2047.000
302.734,451.000,529.000,2047.000
351.562,449.000,529.000,2047.000
351.562,448.000,529.000,2047.000
405.273,446.000,529.000,2047.000
405.273,443.000,529.000,2047.000
478.516,441.000,529.000,2047.000
478.516,439.000,529.000,2047.000
556.641,436.000,529.000,2047.000
556.641,434.000,529.000,2047.000
639.648,432.000,529.000,2047.000
639.648,430.000,529.000,2047.000
703.125,429.000,529.000,2047.000
703.125,428.000,529.000,2047.000
742.187,427.000,529.000,2047.000
742.187,427.000,529.000,2047.000
747.070,427.000,529.000,2047.000
747.070,427.000,529.000,2047.000
732.422,428.000,529.000,2047.000
732.422,429.000,529.000,2047.000
683.594,431.000,529.000,2047.000
683.594,434.000,529.000,2047.000
590.820,437.000,529.000,2047.000
590.820,440.000,529.000,2047.000
468.750,443.000,529.000,2047.000
468.750,445.000,529.000,2047.000
351.562,447.000,529.000,2047.000
351.562,448.000,529.000,2047.000
283.203,449.000,529.000,2047.000
283.203,449.000,529.000,2047.000
244.141,450.000,529.000,2047.000
244.141,450.000,529.000,2047.000
229.492,450.000,529.000,2047.000
229.492,450.000,529.000,2047.000
214.844,450.000,529.000,2047.000
214.844,451.000,529.000,2047.000
200.195,451.000,529.000,2047.000
200.195,452.000,529.000,2047.000
170.898,454.000,529.000,2047.000
170.898,456.000,529.000,2047.000
107.422,458.000,529.000,2047.000
107.422,461.000,529.000,2047.000
4.883,465.000,529.000,2047.000
4.883,468.000,529.000,2047.000
-0.000,471.000,529.000,2047.000
-0.000,474.000,529.000,2047.000
-0.000,477.000,561.000,0.000
-0.000,479.000,561.000,0.000
-0.000,480.000,561.000,2047.000
-0.000,481.000,561.000,2047.000
-0.000,482.000,561.000,2047.000
-0.000,483.000,561.000,2047.000
-0.000,483.000,561.000,2047.000
-0.000,483.000,561.000,2047.000
-0.000,484.000,561.000,2047.000
-0.000,484.000,561.000,2047.000
-0.000,484.000,561.000,2047.000
-0.000,485.000,561.000,2047.000
-0.000,485.000,561.000,2047.000
-0.000,486.000,561.000,2047.000
-0.000,487.000,561.000,2047.000
-0.000,488.000,561.000,2047.000
-0.000,489.000,561.000,2047.000
-0.000,490.000,561.000,2047.000
-0.000,490.000,561.000,2047.000
-0.000,490.000,561.000,2047.000
-0.000,491.000,561.000,2047.000
-0.000,491.000,561.000,2047.000
-0.000,491.000,561.000,2047.000
-0.000,490.000,561.000,2047.000
-0.000,490.000,561.000,2047.000
-0.000,489.000,561.000,2047.000
-0.000,489.000,561.000,2047.000
-0.000,488.000,561.000,2047.000
-0.000,488.000,561.000,2047.000
-0.000,487.000,561.000,2047.000
-0.000,487.000,561.000,2047.000
-0.000,486.000,561.000,2047.000
-0.000,486.000,561.000,2047.000
-0.000,485.000,561.000,2047.000
-0.000,485.000,561.000,2047.000
-0.000,484.000,561.000,2047.000
-0.000,484.000,561.000,2047.000
-0.000,483.000,561.000,2047.000
-0.000,483.000,561.000,2047.000
-0.000,482.000,561.000,2047.000
-0.000,482.000,561.000,2047.000
-0.000,482.000,561.000,2047.000
-0.000,481.000,561.000,2047.000
-0.000,481.000,561.000,2047.000
-0.000,481.000,561.000,2047.000
-0.000,480.000,561.000,2047.000
-0.000,480.000,561.000,2047.000
-0.000,480.000,561.000,2047.000
-0.000,479.000,561.000,2047.000
-0.000,479.000,561.000,2047.000
-0.000,478.000,561.000,2047.000
-0.000,478.000,561.000,2047.000
-0.000,477.000,561.000,2047.000
-0.000,477.000,561.000,2047.000
-0.000,476.000,561.000,2047.000
-0.000,475.000,561.000,2047.000
-0.000,475.000,561.000,2047.000
-0.000,474.000,561.000,2047.000
-0.000,473.000,561.000,2047.000
-0.000,472.000,561.000,2047.000
-0.000,471.000,561.000,2047.000
-0.000,470.000,561.000,2047.000
-0.000,469.000,561.000,2047.000
-0.000,468.000,561.000,2047.000
34.180,467.000,561.000,2047.000
34.180,466.000,561.000,2047.000
73.242,466.000,561.000,2047.000
73.242,464.000,561.000,2047.000
107.422,464.000,561.000,2047.000
107.422,463.000,561.000,2047.000
141.602,462.000,561.000,2047.000
141.602,461.000,561.000,2047.000
180.664,459.000,561.000,2047.000
180.664,458.000,561.000,2047.000
219.727,457.000,561.000,2047.000
219.727,455.000,561.000,2047.000
263.672,454.000,561.000,2047.000
263.672,453.000,561.000,2047.000
302.734,452.000,561.000,2047.000
302.734,451.000,561.000,2047.000
346.680,449.000,561.000,2047.000
346.680,448.000,561.000,2047.000
385.742,447.000,561.000,2047.000
385.742,446.000,561.000,2047.000
419.922,445.000,561.000,2047.000
419.922,444.000,561.000,2047.000
454.102,443.000,561.000,2047.000
454.102,442.000,561.000,2047.000
488.281,440.000,561.000,2047.000
488.281,439.000,561.000,2047.000
522.461,438.000,561.000,2047.000
522.461,437.000,561.000,2047.000
561.523,435.000,561.000,2047.000
561.523,434.000,561.000,2047.000
605.469,432.000,561.000,2047.000
605.469,431.000,561.000,2047.000
649.414,430.000,561.000,2047.000
649.414,428.000,561.000,2047.000
688.477,427.000,561.000,2047.000
688.477,426.000,561.000,2047.000
722.656,425.000,561.000,2047.000
722.656,425.000,561.000,2047.000
742.187,424.000,561.000,2047.000
742.187,424.000,561.000,2047.000
737.305,424.000,561.000,2047.000
737.305,425.000,561.000,2047.000
722.656,425.000,561.000,2047.000
722.656,427.000,561.000,2047.000
678.711,428.000,561.000,2047.000
678.711,429.000,561.000,2047.000
615.234,431.000,561.000,2047.000
615.234,433.000,561.000,2047.000
541.992,435.000,561.000,2047.000
541.992,436.000,561.000,2047.000
458.984,438.000,561.000,2047.000
458.984,439.000,561.000,2047.000
395.508,440.000,561.000,2047.000
395.508,441.000,561.000,2047.000
341.797,442.000,561.000,2047.000
341.797,443.000,561.000,2047.000
297.852,444.000,561.000,2047.000
297.852,445.000,561.000,2047.000
253.906,446.000,561.000,2047.000
253.906,447.000,561.000,2047.000
209.961,448.000,561.000,2047.000
209.961,449.000,561.000,2047.000
170.898,450.000,561.000,2047.000
170.898,451.000,561.000,2047.000
126.953,453.000,561.000,2047.000
126.953,454.000,561.000,2047.000
68.359,456.000,561.000,2047.000
68.359,458.000,561.000,2047.000
-0.000,461.000,561.000,2047.000
-0.000,463.000,561.000,2047.000
-0.000,465.000,537.000,0.000
-0.000,467.000,537.000,0.000
-0.000,469.000,537.000,2047.000
-0.000,470.000,537.000,2047.000
-0.000,472.000,537.000,2047.000
-0.000,474.000,537.000,2047.000
-0.000,475.000,537.000,2047.000
-0.000,476.000,537.000,2047.000
-0.000,477.000,537.000,2047.000
-0.000,478.000,537.000,2047.000
-0.000,479.000,537.000,2047.000
-0.000,479.000,537.000,2047.000
-0.000,480.000,537.000,2047.000
-0.000,481.000,537.000,2047.000
-0.000,482.000,537.000,2047.000
-0.000,482.000,537.000,2047.000
-0.000,483.000,537.000,2047.000
-0.000,485.000,537.000,2047.000
-0.000,486.000,537.000,2047.000
-0.000,486.000,537.000,2047.000
-0.000,487.000,537.000,2047.000
-0.000,488.000,537.000,2047.000
-0.000,489.000,537.000,2047.000
-0.000,490.000,537.000,2047.000
-0.000,490.000,537.000,2047.000
-0.000,491.000,537.000,2047.000
-0.000,491.000,537.000,2047.000
-0.000,491.000,537.000,2047.000
-0.000,490.000,537.000,2047.000
-0.000,490.000,537.000,2047.000
-0.000,490.000,537.000,2047.000
-0.000,490.000,537.000,2047.000
-0.000,489.000,537.000,2047.000
-0.000,489.000,537.000,2047.000
-0.000,489.000,537.000,2047.000
-0.000,488.000,537.000,2047.000
-0.000,488.000,537.000,2047.000
-0.000,487.000,537.000,2047.000
-0.000,487.000,537.000,2047.000
-0.000,486.000,537.000,2047.000
-0.000,486.000,537.000,2047.000
-0.000,485.000,537.000,2047.000
-0.000,485.000,537.000,2047.000
-0.000,484.000,537.000,2047.000
-0.000,483.000,537.000,2047.000
-0.000,483.000,537.000,2047.000
-0.000,482.000,537.000,2047.000
-0.000,481.000,537.000,2047.000
-0.000,481.000,537.000,2047.000
-0.000,480.000,537.000,2047.000
-0.000,479.000,537.000,2047.000
-0.000,479.000,537.000,2047.000
-0.000,478.000,537.000,2047.000
-0.000,477.000,537.000,2047.000
-0.000,477.000,537.000,2047.000
-0.000,476.000,537.000,2047.000
-0.000,475.000,537.000,2047.000
-0.000,475.000,537.000,2047.000
-0.000,474.000,537.000,2047.000
-0.000,473.000,537.000,2047.000
-0.000,473.000,537.000,2047.000
-0.000,472.000,537.000,2047.000
-0.000,472.000,537.000,2047.000
-0.000,471.000,537.000,2047.000
-0.000,470.000,537.000,2047.000
-0.000,469.000,537.000,2047.000
-0.000,469.000,537.000,2047.000
-0.000,468.000,537.000,2047.000
-0.000,467.000,537.000,2047.000
-0.000,466.000,537.000,2047.000
34.180,465.000,537.000,2047.000
34.180,464.000,537.000,2047.000
68.359,463.000,537.000,2047.000
68.359,462.000,537.000,2047.000
102.539,462.000,537.000,2047.000
102.539,461.000,537.000,2047.000
131.836,460.000,537.000,2047.000
131.836,459.000,537.000,2047.000
161.133,458.000,537.000,2047.000
161.133,457.000,537.000,2047.000
195.312,456.000,537.000,2047.000
195.312,455.000,537.000,2047.000
224.609,455.000,537.000,2047.000
224.609,454.000,537.000,2047.000
253.906,453.000,537.000,2047.000
253.906,452.000,537.000,2047.000
278.320,451.000,537.000,2047.000
278.320,450.000,537.000,2047.000
307.617,449.000,537.000,2047.000
307.617,448.000,537.000,2047.000
336.914,447.000,537.000,2047.000
336.914,446.000,537.000,2047.000
371.094,445.000,537.000,2047.000
371.094,444.000,537.000,2047.000
400.391,443.000,537.000,2047.000
400.391,441.000,537.000,2047.000
444.336,439.000,537.000,2047.000
444.336,438.000,537.000,2047.000
507.812,435.000,537.000,2047.000
507.812,434.000,537.000,2047.000
571.289,431.000,537.000,2047.000
571.289,430.000,537.000,2047.000
634.766,428.000,537.000,2047.000
634.766,427.000,537.000,2047.000
688.477,425.000,537.000,2047.000
688.477,424.000,537.000,2047.000
722.656,424.000,537.000,2047.000
722.656,424.000,537.000,2047.000
732.422,424.000,537.000,2047.000
732.422,424.000,537.000,2047.000
717.773,425.000,537.000,2047.000
717.773,427.000,537.000,2047.000
668.945,429.000,537.000,2047.000
668.945,432.000,537.000,2047.000
561.523,435.000,537.000,2047.000
561.523,438.000,537.000,2047.000
434.570,441.000,537.000,2047.000
434.570,443.000,537.000,2047.000
322.266,445.000,537.000,2047.000
322.266,446.000,537.000,2047.000
249.023,446.000,537.000,2047.000
249.023,447.000,537.000,2047.000
219.727,447.000,537.000,2047.000
219.727,446.000,537.000,2047.000
214.844,446.000,537.000,2047.000
214.844,446.000,537.000,2047.000
224.609,445.000,537.000,2047.000
224.609,445.000,537.000,2047.000
229.492,446.000,537.000,2047.000
229.492,446.000,537.000,2047.000
219.727,447.000,537.000,2047.000
219.727,449.000,537.000,2047.000
175.781,451.000,537.000,2047.000
175.781,454.000,537.000,2047.000
97.656,457.000,537.000,2047.000
97.656,460.000,537.000,2047.000
-0.000,462.000,537.000,2047.000
-0.000,465.000,537.000,2047.000
-0.000,467.000,553.000,0.000
-0.000,469.000,553.000,0.000
-0.000,470.000,553.000,2047.000
-0.000,471.000,553.000,2047.000
-0.000,471.000,553.000,2047.000
-0.000,471.000,553.000,2047.000
-0.000,471.000,553.000,2047.000
-0.000,471.000,553.000,2047.000
-0.000,471.000,553.000,2047.000
-0.000,472.000,553.000,2047.000
-0.000,472.000,553.000,2047.000
-0.000,472.000,553.000,2047.000
-0.000,473.000,553.000,2047.000
-0.000,474.000,553.000,2047.000
-0.000,474.000,553.000,2047.000
-0.000,475.000,553.000,2047.000
-0.000,475.000,553.000,2047.000
-0.000,475.000,553.000,2047.000
-0.000,476.000,553.000,2047.000
-0.000,476.000,553.000,2047.000
-0.000,476.000,553.000,2047.000
-0.000,477.000,553.000,2047.000
-0.000,477.000,553.000,2047.000
-0.000,477.000,553.000,2047.000
-0.000,477.000,553.000,2047.000
-0.000,477.000,553.000,2047.000
-0.000,477.000,553.000,2047.000
-0.000,476.000,553.000,2047.000
-0.000,476.000,553.000,2047.000
-0.000,476.000,553.000,2047.000
-0.000,476.000,553.000,2047.000
-0.000,476.000,553.000,2047.000
-0.000,476.000,553.000,2047.000
-0.000,475.000,553.000,2047.000
-0.000,475.000,553.000,2047.000
-0.000,475.000,553.000,2047.000
-0.000,475.000,553.000,2047.000
-0.000,474.000,553.000,2047.000
-0.000,474.000,553.000,2047.000
-0.000,474.000,553.000,2047.000
-0.000,474.000,553.000,2047.000
-0.000,474.000,553.000,2047.000
-0.000,474.000,553.000,2047.000
-0.000,473.000,553.000,2047.000
-0.000,473.000,553.000,2047.000
-0.000,473.000,553.000,2047.000
-0.000,472.000,553.000,2047.000
-0.000,472.000,553.000,2047.000
-0.000,472.000,553.000,2047.000
-0.000,471.000,553.000,2047.000
-0.000,471.000,553.000,2047.000
-0.000,470.000,553.000,2047.000
-0.000,470.000,553.000,2047.000
-0.000,469.000,553.000,2047.000
-0.000,469.000,553.000,2047.000
-0.000,468.000,553.000,2047.000
-0.000,467.000,553.000,2047.000
-0.000,466.000,553.000,2047.000
-0.000,466.000,553.000,2047.000
-0.000,465.000,553.000,2047.000
-0.000,464.000,553.000,2047.000
-0.000,463.000,553.000,2047.000
-0.000,462.000,553.000,2047.000
-0.000,462.000,553.000,2047.000
29.297,461.000,553.000,2047.000
29.297,460.000,553.000,2047.000
63.477,459.000,553.000,2047.000
63.477,457.000,553.000,2047.000
102.539,456.000,553.000,2047.000
102.539,455.000,553.000,2047.000
141.602,454.000,553.000,2047.000
141.602,453.000,553.000,2047.000
180.664,452.000,553.000,2047.000
180.664,451.000,553.000,2047.000
219.727,450.000,553.000,2047.000
219.727,449.000,553.000,2047.000
258.789,447.000,553.000,2047.000
258.789,446.000,553.000,2047.000
297.852,445.000,553.000,2047.000
297.852,444.000,553.000,2047.000
336.914,443.000,553.000,2047.000
336.914,442.000,553.000,2047.000
375.977,440.000,553.000,2047.000
375.977,439.000,553.000,2047.000
415.039,438.000,553.000,2047.000
415.039,437.000,553.000,2047.000
454.102,436.000,553.000,2047.000
454.102,435.000,553.000,2047.000
483.398,434.000,553.000,2047.000
483.398,433.000,553.000,2047.000
517.578,431.000,553.000,2047.000
517.578,430.000,553.000,2047.000
551.758,429.000,553.000,2047.000
551.758,428.000,553.000,2047.000
590.820,427.000,553.000,2047.000
590.820,426.000,553.000,2047.000
625.000,425.000,553.000,2047.000
625.000,424.000,553.000,2047.000
639.648,424.000,553.000,2047.000
639.648,424.000,553.000,2047.000
639.648,424.000,553.000,2047.000
639.648,425.000,553.000,2047.000
625.000,426.000,553.000,2047.000
625.000,427.000,553.000,2047.000
576.172,429.000,553.000,2047.000
576.172,431.000,553.000,2047.000
498.047,434.000,553.000,2047.000
498.047,436.000,553.000,2047.000
400.391,438.000,553.000,2047.000
400.391,439.000,553.000,2047.000
317.383,441.000,553.000,2047.000
317.383,442.000,553.000,2047.000
258.789,443.000,553.000,2047.000
258.789,443.000,553.000,2047.000
214.844,444.000,553.000,2047.000
214.844,445.000,553.000,2047.000
180.664,446.000,553.000,2047.000
180.664,447.000,553.000,2047.000
141.602,448.000,553.000,2047.000
141.602,450.000,553.000,2047.000
92.773,451.000,553.000,2047.000
92.773,453.000,553.000,2047.000
29.297,456.000,553.000,2047.000
29.297,458.000,553.000,2047.000
-0.000,461.000,553.000,2047.000
-0.000,463.000,505.000,2047.000
-0.000,466.000,505.000,0.000
-0.000,468.000,505.000,0.000
-0.000,470.000,505.000,2047.000
-0.000,473.000,505.000,2047.000
-0.000,474.000,505.000,2047.000
-0.000,476.000,505.000,2047.000
-0.000,477.000,505.000,2047.000
-0.000,479.000,505.000,2047.000
-0.000,481.000,505.000,2047.000
-0.000,482.000,505.000,2047.000
-0.000,484.000,505.000,2047.000
-0.000,485.000,505.000,2047.000
-0.000,486.000,505.000,2047.000
-0.000,487.000,505.000,2047.000
-0.000,488.000,505.000,2047.000
-0.000,489.000,505.000,2047.000
-0.000,491.000,505.000,2047.000
-0.000,491.000,505.000,2047.000
-0.000,492.000,505.000,2047.000
-0.000,494.000,505.000,2047.000
-0.000,495.000,505.000,2047.000
-0.000,496.000,505.000,2047.000
-0.000,496.000,505.000,2047.000
-0.000,497.000,505.000,2047.000
-0.000,498.000,505.000,2047.000
-0.000,498.000,505.000,2047.000
-0.000,499.000,505.000,2047.000
-0.000,499.000,505.000,2047.000
-0.000,500.000,505.000,2047.000
-0.000,500.000,505.000,2047.000
-0.000,501.000,505.000,2047.000
-0.000,501.000,505.000,2047.000
-0.000,500.000,505.000,2047.000
-0.000,500.000,505.000,2047.000
-0.000,500.000,505.000,2047.000
-0.000,499.000,505.000,2047.000
-0.000,499.000,505.000,2047.000
-0.000,499.000,505.000,2047.000
-0.000,498.000,505.000,2047.000
-0.000,498.000,505.000,2047.000
-0.000,498.000,505.000,2047.000
-0.000,497.000,505.000,2047.000
-0.000,497.000,505.000,2047.000
-0.000,496.000,505.000,2047.000
-0.000,496.000,505.000,2047.000
-0.000,495.000,505.000,2047.000
-0.000,495.000,505.000,2047.000
-0.000,494.000,505.000,2047.000
-0.000,493.000,505.000,2047.000
-0.000,493.000,505.000,2047.000
-0.000,492.000,505.000,2047.000
-0.000,491.000,505.000,2047.000
-0.000,490.000,505.000,2047.000
-0.000,489.000,505.000,2047.000
-0.000,488.000,505.000,2047.000
-0.000,487.000,505.000,2047.000
-0.000,486.000,505.000,2047.000
-0.000,485.000,505.000,2047.000
-0.000,485.000,505.000,2047.000
-0.000,484.000,505.000,2047.000
-0.000,483.000,505.000,2047.000
-0.000,482.000,505.000,2047.000
-0.000,481.000,505.000,2047.000
-0.000,480.000,505.000,2047.000
-0.000,479.000,505.000,2047.000
-0.000,478.000,505.000,2047.000
-0.000,478.000,505.000,2047.000
-0.000,477.000,505.000,2047.000
-0.000,476.000,505.000,2047.000
-0.000,475.000,505.000,2047.000
-0.000,474.000,505.000,2047.000
-0.000,474.000,505.000,2047.000
-0.000,473.000,505.000,2047.000
-0.000,472.000,505.000,2047.000
-0.000,470.000,505.000,2047.000
19.531,469.000,505.000,2047.000
19.531,468.000,505.000,2047.000
63.477,467.000,505.000,2047.000
63.477,466.000,505.000,2047.000
107.422,465.000,505.000,2047.000
107.422,464.000,505.000,2047.000
146.484,462.000,505.000,2047.000
146.484,461.000,505.000,2047.000
190.430,460.000,505.000,2047.000
190.430,459.000,505.000,2047.000
224.609,458.000,505.000,2047.000
224.609,457.000,505.000,2047.000
258.789,456.000,505.000,2047.000
258.789,455.000,505.000,2047.000
292.969,454.000,505.000,2047.000
292.969,453.000,505.000,2047.000
327.148,452.000,505.000,2047.000
327.148,451.000,505.000,2047.000
356.445,450.000,505.000,2047.000
356.445,449.000,505.000,2047.000
395.508,447.000,505.000,2047.000
395.508,446.000,505.000,2047.000
439.453,445.000,505.000,2047.000
439.453,443.000,505.000,2047.000
493.164,441.000,505.000,2047.000
493.164,440.000,505.000,2047.000
546.875,438.000,505.000,2047.000
546.875,436.000,505.000,2047.000
600.586,435.000,505.000,2047.000
600.586,434.000,505.000,2047.000
629.883,433.000,505.000,2047.000
629.883,433.000,505.000,2047.000
639.648,433.000,505.000,2047.000
639.648,433.000,505.000,2047.000
625.000,434.000,505.000,2047.000
625.000,435.000,505.000,2047.000
571.289,437.000,505.000,2047.000
571.289,440.000,505.000,2047.000
473.633,443.000,505.000,2047.000
473.633,446.000,505.000,2047.000
346.680,449.000,505.000,2047.000
346.680,451.000,505.000,2047.000
239.258,453.000,505.000,2047.000
239.258,454.000,505.000,2047.000
185.547,454.000,505.000,2047.000
185.547,454.000,505.000,2047.000
161.133,455.000,505.000,2047.000
161.133,455.000,505.000,2047.000
156.250,454.000,505.000,2047.000
156.250,454.000,505.000,2047.000
161.133,454.000,505.000,2047.000
161.133,454.000,505.000,2047.000
166.016,454.000,505.000,2047.000
166.016,454.000,505.000,2047.000
156.250,455.000,505.000,2047.000
156.250,456.000,505.000,2047.000
122.070,457.000,505.000,2047.000
122.070,459.000,505.000,2047.000
48.828,462.000,505.000,2047.000
48.828,465.000,505.000,2047.000
-0.000,468.000,505.000,2047.000
-0.000,470.000,505.000,2047.000
-0.000,473.000,553.000,0.000
-0.000,475.000,553.000,0.000
-0.000,476.000,553.000,2047.000
-0.000,478.000,553.000,2047.000
-0.000,478.000,553.000,2047.000
-0.000,479.000,553.000,2047.000
-0.000,479.000,553.000,2047.000
-0.000,479.000,553.000,2047.000
-0.000,479.000,553.000,2047.000
-0.000,479.000,553.000,2047.000
-0.000,479.000,553.000,2047.000
-0.000,479.000,553.000,2047.000
-0.000,480.000,553.000,2047.000
-0.000,480.000,553.000,2047.000
-0.000,481.000,553.000,2047.000
-0.000,481.000,553.000,2047.000
-0.000,482.000,553.000,2047.000
-0.000,483.000,553.000,2047.000
-0.000,483.000,553.000,2047.000
-0.000,484.000,553.000,2047.000
-0.000,484.000,553.000,2047.000
-0.000,484.000,553.000,2047.000
-0.000,484.000,553.000,2047.000
-0.000,484.000,553.000,2047.000
-0.000,484.000,553.000,2047.000
-0.000,484.000,553.000,2047.000
-0.000,484.000,553.000,2047.000
-0.000,483.000,553.000,2047.000
-0.000,483.000,553.000,2047.000
-0.000,482.000,553.000,2047.000
-0.000,482.000,553.000,2047.000
-0.000,481.000,553.000,2047.000
-0.000,480.000,553.000,2047.000
-0.000,480.000,553.000,2047.000
-0.000,479.000,553.000,2047.000
-0.000,478.000,553.000,2047.000
-0.000,478.000,553.000,2047.000
-0.000,478.000,553.000,2047.000
-0.000,477.000,553.000,2047.000
-0.000,476.000,553.000,2047.000
-0.000,476.000,553.000,2047.000
-0.000,475.000,553.000,2047.000
-0.000,475.000,553.000,2047.000
-0.000,475.000,553.000,2047.000
-0.000,474.000,553.000,2047.000
-0.000,474.000,553.000,2047.000
-0.000,473.000,553.000,2047.000
-0.000,473.000,553.000,2047.000
-0.000,472.000,553.000,2047.000
-0.000,472.000,553.000,2047.000
-0.000,472.000,553.000,2047.000
-0.000,471.000,553.000,2047.000
-0.000,471.000,553.000,2047.000
-0.000,470.000,553.000,2047.000
-0.000,470.000,553.000,2047.000
-0.000,469.000,553.000,2047.000
-0.000,469.000,553.000,2047.000
-0.000,468.000,553.000,2047.000
14.648,467.000,553.000,2047.000
14.648,466.000,553.000,2047.000
48.828,465.000,553.000,2047.000
48.828,464.000,553.000,2047.000
83.008,463.000,553.000,2047.000
83.008,463.000,553.000,2047.000
117.187,462.000,553.000,2047.000
117.187,460.000,553.000,2047.000
156.250,459.000,553.000,2047.000
156.250,458.000,553.000,2047.000
190.430,457.000,553.000,2047.000
190.430,456.000,553.000,2047.000
234.375,455.000,553.000,2047.000
234.375,453.000,553.000,2047.000
273.437,453.000,553.000,2047.000
273.437,451.000,553.000,2047.000
312.500,450.000,553.000,2047.000
312.500,449.000,553.000,2047.000
356.445,448.000,553.000,2047.000
356.445,446.000,553.000,2047.000
400.391,445.000,553.000,2047.000
400.391,444.000,553.000,2047.000
439.453,442.000,553.000,2047.000
439.453,441.000,553.000,2047.000
478.516,440.000,553.000,2047.000
478.516,439.000,553.000,2047.000
507.812,438.000,553.000,2047.000
507.812,437.000,553.000,2047.000
532.227,437.000,553.000,2047.000
532.227,436.000,553.000,2047.000
556.641,435.000,553.000,2047.000
556.641,434.000,553.000,2047.000
576.172,433.000,553.000,2047.000
576.172,432.000,553.000,2047.000
600.586,431.000,553.000,2047.000
600.586,430.000,553.000,2047.000
625.000,429.000,553.000,2047.000
625.000,427.000,553.000,2047.000
664.062,426.000,553.000,2047.000
664.062,425.000,553.000,2047.000
703.125,424.000,553.000,2047.000
703.125,423.000,553.000,2047.000
732.422,422.000,553.000,2047.000
732.422,421.000,553.000,2047.000
742.187,421.000,553.000,2047.000
742.187,421.000,553.000,2047.000
737.305,421.000,553.000,2047.000
737.305,421.000,553.000,2047.000
717.773,422.000,553.000,2047.000
717.773,423.000,553.000,2047.000
678.711,424.000,553.000,2047.000
678.711,425.000,553.000,2047.000
620.117,426.000,553.000,2047.000
620.117,428.000,553.000,2047.000
556.641,429.000,553.000,2047.000
556.641,431.000,553.000,2047.000
488.281,432.000,553.000,2047.000
488.281,433.000,553.000,2047.000
439.453,434.000,553.000,2047.000
439.453,434.000,553.000,2047.000
395.508,435.000,553.000,2047.000
395.508,436.000,553.000,2047.000
351.562,438.000,553.000,2047.000
351.562,439.000,553.000,2047.000
292.969,441.000,553.000,2047.000
292.969,442.000,553.000,2047.000
224.609,444.000,553.000,2047.000
224.609,446.000,553.000,2047.000
146.484,448.000,553.000,2047.000
146.484,451.000,553.000,2047.000
58.594,453.000,553.000,2047.000
58.594,455.000,553.000,2047.000
-0.000,458.000,553.000,2047.000
-0.000,460.000,553.000,2047.000
-0.000,462.000,529.000,0.000
-0.000,464.000,529.000,0.000
-0.000,465.000,529.000,2047.000
-0.000,467.000,529.000,2047.000
-0.000,468.000,529.000,2047.000
-0.000,470.000,529.000,2047.000
-0.000,471.000,529.000,2047.000
-0.000,473.000,529.000,2047.000
-0.000,475.000,529.000,2047.000
-0.000,476.000,529.000,2047.000
-0.000,477.000,529.000,2047.000
-0.000,479.000,529.000,2047.000
-0.000,480.000,529.000,2047.000
-0.000,481.000,529.000,2047.000
-0.000,483.000,529.000,2047.000
-0.000,484.000,529.000,2047.000
-0.000,485.000,529.000,2047.000
-0.000,486.000,529.000,2047.000
-0.000,487.000,529.000,2047.000
-0.000,488.000,529.000,2047.000
-0.000,489.000,529.000,2047.000
-0.000,489.000,529.000,2047.000
-0.000,490.000,529.000,2047.000
-0.000,490.000,529.000,2047.000
-0.000,491.000,529.000,2047.000
-0.000,491.000,529.000,2047.000
-0.000,492.000,529.000,2047.000
-0.000,492.000,529.000,2047.000
-0.000,493.000,529.000,2047.000
-0.000,493.000,529.000,2047.000
-0.000,493.000,529.000,2047.000
-0.000,493.000,529.000,2047.000
-0.000,493.000,529.000,2047.000
-0.000,493.000,529.000,2047.000
-0.000,493.000,529.000,2047.000
-0.000,493.000,529.000,2047.000
-0.000,492.000,529.000,2047.000
-0.000,492.000,529.000,2047.000
-0.000,492.000,529.000,2047.000
-0.000,491.000,529.000,2047.000
-0.000,490.000,529.000,2047.000
-0.000,489.000,529.000,2047.000
-0.000,489.000,529.000,2047.000
-0.000,488.000,529.000,2047.000
-0.000,487.000,529.000,2047.000
-0.000,486.000,529.000,2047.000
-0.000,485.000,529.000,2047.000
-0.000,485.000,529.000,2047.000
-0.000,484.000,529.000,2047.000
-0.000,483.000,529.000,2047.000
-0.000,483.000,529.000,2047.000
-0.000,482.000,529.000,2047.000
-0.000,481.000,529.000,2047.000
-0.000,481.000,529.000,2047.000
-0.000,480.000,529.000,2047.000
-0.000,479.000,529.000,2047.000
-0.000,479.000,529.000,2047.000
-0.000,478.000,529.000,2047.000
-0.000,477.000,529.000,2047.000
-0.000,476.000,529.000,2047.000
-0.000,475.000,529.000,2047.000
-0.000,474.000,529.000,2047.000
-0.000,473.000,529.000,2047.000
-0.000,472.000,529.000,2047.000
-0.000,471.000,529.000,2047.000
-0.000,470.000,529.000,2047.000
-0.000,469.000,529.000,2047.000
-0.000,469.000,529.000,2047.000
-0.000,468.000,529.000,2047.000
-0.000,467.000,529.000,2047.000
9.766,466.000,529.000,2047.000
9.766,465.000,529.000,2047.000
39.062,465.000,529.000,2047.000
39.062,464.000,529.000,2047.000
68.359,463.000,529.000,2047.000
68.359,463.000,529.000,2047.000
92.773,462.000,529.000,2047.000
92.773,461.000,529.000,2047.000
112.305,461.000,529.000,2047.000
112.305,460.000,529.000,2047.000
136.719,460.000,529.000,2047.000
136.719,459.000,529.000,2047.000
151.367,458.000,529.000,2047.000
151.367,458.000,529.000,2047.000
170.898,458.000,529.000,2047.000
170.898,457.000,529.000,2047.000
185.547,457.000,529.000,2047.000
185.547,456.000,529.000,2047.000
200.195,455.000,529.000,2047.000
200.195,455.000,529.000,2047.000
224.609,454.000,529.000,2047.000
224.609,453.000,529.000,2047.000
249.023,452.000,529.000,2047.000
249.023,451.000,529.000,2047.000
283.203,450.000,529.000,2047.000
283.203,449.000,529.000,2047.000
317.383,447.000,529.000,2047.000
317.383,446.000,529.000,2047.000
371.094,444.000,529.000,2047.000
371.094,442.000,529.000,2047.000
434.570,440.000,529.000,2047.000
434.570,438.000,529.000,2047.000
502.930,436.000,529.000,2047.000
502.930,435.000,529.000,2047.000
556.641,434.000,529.000,2047.000
556.641,433.000,529.000,2047.000
590.820,432.000,529.000,2047.000
590.820,431.000,529.000,2047.000
600.586,431.000,529.000,2047.000
600.586,431.000,529.000,2047.000
595.703,432.000,529.000,2047.000
595.703,433.000,529.000,2047.000
556.641,434.000,529.000,2047.000
556.641,436.000,529.000,2047.000
483.398,438.000,529.000,2047.000
483.398,440.000,529.000,2047.000
395.508,442.000,529.000,2047.000
395.508,443.000,529.000,2047.000
327.148,444.000,529.000,2047.000
327.148,445.000,529.000,2047.000
283.203,446.000,529.000,2047.000
283.203,446.000,529.000,2047.000
253.906,447.000,529.000,2047.000
253.906,447.000,529.000,2047.000
229.492,448.000,529.000,2047.000
229.492,448.000,529.000,2047.000
200.195,449.000,529.000,2047.000
200.195,450.000,529.000,2047.000
170.898,451.000,529.000,2047.000
170.898,453.000,529.000,2047.000
117.187,455.000,529.000,2047.000
117.187,457.000,529.000,2047.000
39.062,460.000,529.000,2047.000
39.062,462.000,529.000,2047.000
-0.000,464.000,529.000,2047.000
-0.000,466.000,529.000,2047.000
-0.000,469.000,545.000,0.000
-0.000,471.000,545.000,0.000
-0.000,472.000,545.000,2047.000
-0.000,474.000,545.000,2047.000
-0.000,476.000,545.000,2047.000
-0.000,478.000,545.000,2047.000
-0.000,479.000,545.000,2047.000
-0.000,480.000,545.000,2047.000
-0.000,481.000,545.000,2047.000
-0.000,482.000,545.000,2047.000
-0.000,483.000,545.000,2047.000
-0.000,484.000,545.000,2047.000
-0.000,485.000,545.000,2047.000
-0.000,486.000,545.000,2047.000
-0.000,487.000,545.000,2047.000
-0.000,488.000,545.000,2047.000
-0.000,489.000,545.000,2047.000
-0.000,489.000,545.000,2047.000
-0.000,490.000,545.000,2047.000
-0.000,490.000,545.000,2047.000
-0.000,490.000,545.000,2047.000
-0.000,491.000,545.000,2047.000
-0.000,491.000,545.000,2047.000
-0.000,491.000,545.000,2047.000
-0.000,490.000,545.000,2047.000
-0.000,490.000,545.000,2047.000
-0.000,490.000,545.000,2047.000
-0.000,490.000,545.000,2047.000
-0.000,490.000,545.000,2047.000
-0.000,489.000,545.000,2047.000
-0.000,489.000,545.000,2047.000
-0.000,489.000,545.000,2047.000
-0.000,488.000,545.000,2047.000
-0.000,488.000,545.000,2047.000
-0.000,487.000,545.000,2047.000
-0.000,487.000,545.000,2047.000
-0.000,486.000,545.000,2047.000
-0.000,485.000,545.000,2047.000
-0.000,485.000,545.000,2047.000
-0.000,484.000,545.000,2047.000
-0.000,483.000,545.000,2047.000
-0.000,482.000,545.000,2047.000
-0.000,482.000,545.000,2047.000
-0.000,481.000,545.000,2047.000
-0.000,480.000,545.000,2047.000
-0.000,480.000,545.000,2047.000
-0.000,479.000,545.000,2047.000
-0.000,479.000,545.000,2047.000
-0.000,478.000,545.000,2047.000
-0.000,478.000,545.000,2047.000
-0.000,477.000,545.000,2047.000
-0.000,476.000,545.000,2047.000
-0.000,476.000,545.000,2047.000
-0.000,475.000,545.000,2047.000
-0.000,475.000,545.000,2047.000
-0.000,474.000,545.000,2047.000
-0.000,473.000,545.000,2047.000
-0.000,473.000,545.000,2047.000
-0.000,472.000,545.000,2047.000
-0.000,471.000,545.000,2047.000
-0.000,471.000,545.000,2047.000
-0.000,470.000,545.000,2047.000
-0.000,469.000,545.000,2047.000
-0.000,468.000,545.000,2047.000
9.766,467.000,545.000,2047.000
9.766,466.000,545.000,2047.000
43.945,465.000,545.000,2047.000
43.945,465.000,545.000,2047.000
78.125,464.000,545.000,2047.000
78.125,463.000,545.000,2047.000
112.305,462.000,545.000,2047.000
112.305,461.000,545.000,2047.000
151.367,460.000,545.000,2047.000
151.367,459.000,545.000,2047.000
185.547,458.000,545.000,2047.000
185.547,456.000,545.000,2047.000
224.609,455.000,545.000,2047.000
224.609,454.000,545.000,2047.000
263.672,453.000,545.000,2047.000
263.672,452.000,545.000,2047.000
302.734,451.000,545.000,2047.000
302.734,449.000,545.000,2047.000
341.797,448.000,545.000,2047.000
341.797,447.000,545.000,2047.000
375.977,446.000,545.000,2047.000
375.977,445.000,545.000,2047.000
415.039,444.000,545.000,2047.000
415.039,443.000,545.000,2047.000
454.102,441.000,545.000,2047.000
454.102,440.000,545.000,2047.000
493.164,439.000,545.000,2047.000
493.164,437.000,545.000,2047.000
537.109,436.000,545.000,2047.000
537.109,434.000,545.000,2047.000
581.055,433.000,545.000,2047.000
581.055,432.000,545.000,2047.000
620.117,431.000,545.000,2047.000
620.117,430.000,545.000,2047.000
649.414,429.000,545.000,2047.000
649.414,429.000,545.000,2047.000
659.180,429.000,545.000,2047.000
659.180,429.000,545.000,2047.000
644.531,430.000,545.000,2047.000
644.531,431.000,545.000,2047.000
605.469,432.000,545.000,2047.000
605.469,434.000,545.000,2047.000
537.109,436.000,545.000,2047.000
537.109,438.000,545.000,2047.000
449.219,440.000,545.000,2047.000
449.219,442.000,545.000,2047.000
366.211,443.000,545.000,2047.000
366.211,445.000,545.000,2047.000
297.852,446.000,545.000,2047.000
297.852,446.000,545.000,2047.000
253.906,447.000,545.000,2047.000
253.906,448.000,545.000,2047.000
224.609,448.000,545.000,2047.000
224.609,449.000,545.000,2047.000
200.195,450.000,545.000,2047.000
200.195,450.000,545.000,2047.000
166.016,451.000,545.000,2047.000
166.016,452.000,545.000,2047.000
126.953,454.000,545.000,2047.000
126.953,456.000,545.000,2047.000
68.359,458.000,545.000,2047.000
68.359,460.000,545.000,2047.000
-0.000,462.000,545.000,2047.000
-0.000,465.000,545.000,2047.000
-0.000,467.000,513.000,0.000
-0.000,469.000,513.000,0.000
-0.000,471.000,513.000,2047.000
-0.000,473.000,513.000,2047.000
-0.000,475.000,513.000,2047.000
-0.000,476.000,513.000,2047.000
-0.000,477.000,513.000,2047.000
-0.000,478.000,513.000,2047.000
-0.000,479.000,513.000,2047.000
-0.000,480.000,513.000,2047.000
-0.000,481.000,513.000,2047.000
-0.000,482.000,513.000,2047.000
-0.000,483.000,513.000,2047.000
-0.000,484.000,513.000,2047.000
-0.000,485.000,513.000,2047.000
-0.000,486.000,513.000,2047.000
-0.000,487.000,513.000,2047.000
-0.000,488.000,513.000,2047.000
-0.000,489.000,513.000,2047.000
-0.000,490.000,513.000,2047.000
-0.000,491.000,513.000,2047.000
-0.000,492.000,513.000,2047.000
-0.000,493.000,513.000,2047.000
-0.000,493.000,513.000,2047.000
-0.000,494.000,513.000,2047.000
-0.000,494.000,513.000,2047.000
-0.000,494.000,513.000,2047.000
-0.000,494.000,513.000,2047.000
-0.000,494.000,513.000,2047.000
-0.000,494.000,513.000,2047.000
-0.000,494.000,513.000,2047.000
-0.000,494.000,513.000,2047.000
-0.000,494.000,513.000,2047.000
-0.000,494.000,513.000,2047.000
-0.000,494.000,513.000,2047.000
-0.000,494.000,513.000,2047.000
-0.000,494.000,513.000,2047.000
-0.000,494.000,513.000,2047.000
-0.000,493.000,513.000,2047.000
-0.000,493.000,513.000,2047.000
-0.000,493.000,513.000,2047.000
-0.000,493.000,513.000,2047.000
-0.000,492.000,513.000,2047.000
-0.000,492.000,513.000,2047.000
-0.000,491.000,513.000,2047.000
-0.000,491.000,513.000,2047.000
-0.000,490.000,513.000,2047.000
-0.000,490.000,513.000,2047.000
-0.000,489.000,513.000,2047.000
-0.000,488.000,513.000,2047.000
-0.000,488.000,513.000,2047.000
-0.000,487.000,513.000,2047.000
-0.000,486.000,513.000,2047.000
-0.000,485.000,513.000,2047.000
-0.000,485.000,513.000,2047.000
-0.000,483.000,513.000,2047.000
-0.000,483.000,513.000,2047.000
-0.000,482.000,513.000,2047.000
-0.000,481.000,513.000,2047.000
-0.000,480.000,513.000,2047.000
-0.000,479.000,513.000,2047.000
-0.000,478.000,513.000,2047.000
-0.000,477.000,513.000,2047.000
-0.000,476.000,513.000,2047.000
-0.000,475.000,513.000,2047.000
-0.000,474.000,513.000,2047.000
-0.000,473.000,513.000,2047.000
-0.000,472.000,513.000,2047.000
-0.000,471.000,513.000,2047.000
-0.000,469.000,513.000,2047.000
29.297,469.000,513.000,2047.000
29.297,467.000,513.000,2047.000
73.242,466.000,513.000,2047.000
73.242,465.000,513.000,2047.000
112.305,464.000,513.000,2047.000
112.305,463.000,513.000,2047.000
156.250,462.000,513.000,2047.000
156.250,461.000,513.000,2047.000
195.312,460.000,513.000,2047.000
195.312,459.000,513.000,2047.000
229.492,458.000,513.000,2047.000
229.492,457.000,513.000,2047.000
263.672,456.000,513.000,2047.000
263.672,455.000,513.000,2047.000
292.969,454.000,513.000,2047.000
292.969,453.000,513.000,2047.000
322.266,452.000,513.000,2047.000
322.266,452.000,513.000,2047.000
346.680,451.000,513.000,2047.000
346.680,450.000,513.000,2047.000
371.094,449.000,513.000,2047.000
371.094,448.000,513.000,2047.000
400.391,447.000,513.000,2047.000
400.391,446.000,513.000,2047.000
429.687,445.000,513.000,2047.000
429.687,443.000,513.000,2047.000
468.750,442.000,513.000,2047.000
468.750,441.000,513.000,2047.000
507.812,440.000,513.000,2047.000
507.812,439.000,513.000,2047.000
546.875,437.000,513.000,2047.000
546.875,437.000,513.000,2047.000
576.172,436.000,513.000,2047.000
576.172,435.000,513.000,2047.000
595.703,435.000,513.000,2047.000
595.703,435.000,513.000,2047.000
595.703,436.000,513.000,2047.000
595.703,437.000,513.000,2047.000
561.523,438.000,513.000,2047.000
561.523,440.000,513.000,2047.000
493.164,442.000,513.000,2047.000
493.164,444.000,513.000,2047.000
410.156,446.000,513.000,2047.000
410.156,448.000,513.000,2047.000
327.148,449.000,513.000,2047.000
327.148,450.000,513.000,2047.000
268.555,451.000,513.000,2047.000
268.555,451.000,513.000,2047.000
234.375,451.000,513.000,2047.000
234.375,451.000,513.000,2047.000
219.727,451.000,513.000,2047.000
219.727,451.000,513.000,2047.000
224.609,450.000,513.000,2047.000
224.609,450.000,513.000,2047.000
229.492,450.000,513.000,2047.000
229.492,450.000,513.000,2047.000
224.609,451.000,513.000,2047.000
224.609,452.000,513.000,2047.000
195.312,453.000,513.000,2047.000
195.312,455.000,513.000,2047.000
146.484,457.000,513.000,2047.000
146.484,460.000,513.000,2047.000
58.594,463.000,513.000,2047.000
58.594,466.000,513.000,2047.000
-0.000,468.000,513.000,2047.000
-0.000,471.000,513.000,2047.000
-0.000,472.000,545.000,0.000
-0.000,474.000,545.000,0.000
-0.000,475.000,545.000,2047.000
-0.000,476.000,545.000,2047.000
-0.000,476.000,545.000,2047.000
-0.000,477.000,545.000,2047.000
-0.000,477.000,545.000,2047.000
-0.000,477.000,545.000,2047.000
-0.000,478.000,545.000,2047.000
-0.000,479.000,545.000,2047.000
-0.000,479.000,545.000,2047.000
-0.000,480.000,545.000,2047.000
-0.000,481.000,545.000,2047.000
-0.000,482.000,545.000,2047.000
-0.000,484.000,545.000,2047.000
-0.000,485.000,545.000,2047.000
-0.000,486.000,545.000,2047.000
-0.000,486.000,545.000,2047.000
-0.000,487.000,545.000,2047.000
-0.000,487.000,545.000,2047.000
-0.000,488.000,545.000,2047.000
-0.000,488.000,545.000,2047.000
-0.000,487.000,545.000,2047.000
-0.000,487.000,545.000,2047.000
-0.000,487.000,545.000,2047.000
-0.000,486.000,545.000,2047.000
-0.000,486.000,545.000,2047.000
-0.000,485.000,545.000,2047.000
-0.000,485.000,545.000,2047.000
-0.000,484.000,545.000,2047.000
-0.000,483.000,545.000,2047.000
-0.000,483.000,545.000,2047.000
-0.000,482.000,545.000,2047.000
-0.000,481.000,545.000,2047.000
-0.000,481.000,545.000,2047.000
-0.000,480.000,545.000,2047.000
-0.000,479.000,545.000,2047.000
-0.000,479.000,545.000,2047.000
-0.000,478.000,545.000,2047.000
-0.000,478.000,545.000,2047.000
-0.000,477.000,545.000,2047.000
-0.000,476.000,545.000,2047.000
-0.000,476.000,545.000,2047.000
-0.000,475.000,545.000,2047.000
-0.000,474.000,545.000,2047.000
-0.000,474.000,545.000,2047.000
-0.000,473.000,545.000,2047.000
-0.000,472.000,545.000,2047.000
-0.000,472.000,545.000,2047.000
-0.000,471.000,545.000,2047.000
-0.000,470.000,545.000,2047.000
-0.000,470.000,545.000,2047.000
-0.000,469.000,545.000,2047.000
-0.000,468.000,545.000,2047.000
-0.000,468.000,545.000,2047.000
-0.000,467.000,545.000,2047.000
24.414,466.000,545.000,2047.000
24.414,466.000,545.000,2047.000
53.711,465.000,545.000,2047.000
53.711,464.000,545.000,2047.000
78.125,463.000,545.000,2047.000
78.125,462.000,545.000,2047.000
112.305,461.000,545.000,2047.000
112.305,461.000,545.000,2047.000
141.602,460.000,545.000,2047.000
141.602,459.000,545.000,2047.000
175.781,458.000,545.000,2047.000
175.781,457.000,545.000,2047.000
205.078,456.000,545.000,2047.000
205.078,455.000,545.000,2047.000
239.258,454.000,545.000,2047.000
239.258,453.000,545.000,2047.000
273.437,452.000,545.000,2047.000
273.437,451.000,545.000,2047.000
307.617,450.000,545.000,2047.000
307.617,449.000,545.000,2047.000
341.797,448.000,545.000,2047.000
341.797,447.000,545.000,2047.000
371.094,446.000,545.000,2047.000
371.094,445.000,545.000,2047.000
405.273,444.000,545.000,2047.000
405.273,443.000,545.000,2047.000
439.453,441.000,545.000,2047.000
439.453,440.000,545.000,2047.000
473.633,439.000,545.000,2047.000
473.633,438.000,545.000,2047.000
507.812,437.000,545.000,2047.000
507.812,435.000,545.000,2047.000
546.875,434.000,545.000,2047.000
546.875,432.000,545.000,2047.000
595.703,430.000,545.000,2047.000
595.703,429.000,545.000,2047.000
649.414,427.000,545.000,2047.000
649.414,425.000,545.000,2047.000
703.125,424.000,545.000,2047.000
703.125,423.000,545.000,2047.000
737.305,422.000,545.000,2047.000
737.305,421.000,545.000,2047.000
761.719,421.000,545.000,2047.000
761.719,420.000,545.000,2047.000
766.602,420.000,545.000,2047.000
766.602,421.000,545.000,2047.000
756.836,421.000,545.000,2047.000
756.836,422.000,545.000,2047.000
722.656,424.000,545.000,2047.000
722.656,425.000,545.000,2047.000
659.180,427.000,545.000,2047.000
659.180,429.000,545.000,2047.000
576.172,431.000,545.000,2047.000
576.172,433.000,545.000,2047.000
483.398,435.000,545.000,2047.000
483.398,437.000,545.000,2047.000
390.625,439.000,545.000,2047.000
390.625,441.000,545.000,2047.000
302.734,443.000,545.000,2047.000
302.734,445.000,545.000,2047.000
224.609,446.000,545.000,2047.000
224.609,448.000,545.000,2047.000
161.133,449.000,545.000,2047.000
161.133,451.000,545.000,2047.000
97.656,453.000,545.000,2047.000
97.656,455.000,545.000,2047.000
29.297,457.000,545.000,2047.000
29.297,459.000,545.000,2047.000
-0.000,461.000,545.000,2047.000
-0.000,463.000,545.000,2047.000
-0.000,466.000,505.000,0.000
-0.000,467.000,505.000,0.000
-0.000,469.000,505.000,2047.000
-0.000,471.000,505.000,2047.000
-0.000,474.000,505.000,2047.000
-0.000,475.000,505.000,2047.000
-0.000,477.000,505.000,2047.000
-0.000,478.000,505.000,2047.000
-0.000,480.000,505.000,2047.000
-0.000,481.000,505.000,2047.000
-0.000,482.000,505.000,2047.000
-0.000,483.000,505.000,2047.000
-0.000,484.000,505.000,2047.000
-0.000,485.000,505.000,2047.000
-0.000,485.000,505.000,2047.000
-0.000,486.000,505.000,2047.000
-0.000,487.000,505.000,2047.000
-0.000,487.000,505.000,2047.000
-0.000,488.000,505.000,2047.000
-0.000,489.000,505.000,2047.000
-0.000,490.000,505.000,2047.000
-0.000,490.000,505.000,2047.000
-0.000,491.000,505.000,2047.000
-0.000,491.000,505.000,2047.000
-0.000,491.000,505.000,2047.000
-0.000,492.000,505.000,2047.000
-0.000,492.000,505.000,2047.000
-0.000,493.000,505.000,2047.000
-0.000,493.000,505.000,2047.000
-0.000,493.000,505.000,2047.000
-0.000,493.000,505.000,2047.000
-0.000,493.000,505.000,2047.000
-0.000,492.000,505.000,2047.000
-0.000,492.000,505.000,2047.000
-0.000,492.000,505.000,2047.000
-0.000,492.000,505.000,2047.000
-0.000,491.000,505.000,2047.000
-0.000,491.000,505.000,2047.000
-0.000,490.000,505.000,2047.000
-0.000,490.000,505.000,2047.000
-0.000,490.000,505.000,2047.000
-0.000,489.000,505.000,2047.000
-0.000,489.000,505.000,2047.000
-0.000,489.000,505.000,2047.000
-0.000,489.000,505.000,2047.000
-0.000,488.000,505.000,2047.000
-0.000,488.000,505.000,2047.000
-0.000,488.000,505.000,2047.000
-0.000,487.000,505.000,2047.000
-0.000,486.000,505.000,2047.000
-0.000,486.000,505.000,2047.000
-0.000,485.000,505.000,2047.000
-0.000,485.000,505.000,2047.000
-0.000,484.000,505.000,2047.000
-0.000,484.000,505.000,2047.000
-0.000,484.000,505.000,2047.000
-0.000,483.000,505.000,2047.000
-0.000,482.000,505.000,2047.000
-0.000,482.000,505.000,2047.000
-0.000,481.000,505.000,2047.000
-0.000,481.000,505.000,2047.000
-0.000,480.000,505.000,2047.000
-0.000,480.000,505.000,2047.000
-0.000,479.000,505.000,2047.000
-0.000,479.000,505.000,2047.000
-0.000,478.000,505.000,2047.000
-0.000,478.000,505.000,2047.000
-0.000,477.000,505.000,2047.000
-0.000,476.000,505.000,2047.000
-0.000,476.000,505.000,2047.000
-0.000,475.000,505.000,2047.000
-0.000,474.000,505.000,2047.000
-0.000,473.000,505.000,2047.000
-0.000,471.000,505.000,2047.000
-0.000,470.000,505.000,2047.000
-0.000,469.000,505.000,2047.000
-0.000,468.000,505.000,2047.000
-0.000,467.000,505.000,2047.000
43.945,466.000,505.000,2047.000
43.945,465.000,505.000,2047.000
87.891,463.000,505.000,2047.000
87.891,462.000,505.000,2047.000
131.836,461.000,505.000,2047.000
131.836,460.000,505.000,2047.000
175.781,459.000,505.000,2047.000
175.781,458.000,505.000,2047.000
214.844,456.000,505.000,2047.000
214.844,455.000,505.000,2047.000
258.789,454.000,505.000,2047.000
258.789,453.000,505.000,2047.000
297.852,452.000,505.000,2047.000
297.852,451.000,505.000,2047.000
336.914,449.000,505.000,2047.000
336.914,448.000,505.000,2047.000
371.094,447.000,505.000,2047.000
371.094,446.000,505.000,2047.000
410.156,444.000,505.000,2047.000
410.156,443.000,505.000,2047.000
458.984,441.000,505.000,2047.000
458.984,440.000,505.000,2047.000
502.930,438.000,505.000,2047.000
502.930,437.000,505.000,2047.000
551.758,436.000,505.000,2047.000
551.758,434.000,505.000,2047.000
595.703,433.000,505.000,2047.000
595.703,432.000,505.000,2047.000
629.883,432.000,505.000,2047.000
629.883,431.000,505.000,2047.000
649.414,431.000,505.000,2047.000
649.414,430.000,505.000,2047.000
649.414,430.000,505.000,2047.000
649.414,431.000,505.000,2047.000
639.648,432.000,505.000,2047.000
639.648,433.000,505.000,2047.000
595.703,434.000,505.000,2047.000
595.703,436.000,505.000,2047.000
537.109,437.000,505.000,2047.000
537.109,438.000,505.000,2047.000
473.633,440.000,505.000,2047.000
473.633,441.000,505.000,2047.000
415.039,442.000,505.000,2047.000
415.039,442.000,505.000,2047.000
371.094,443.000,505.000,2047.000
371.094,443.000,505.000,2047.000
336.914,444.000,505.000,2047.000
336.914,444.000,505.000,2047.000
317.383,444.000,505.000,2047.000
317.383,445.000,505.000,2047.000
297.852,445.000,505.000,2047.000
297.852,446.000,505.000,2047.000
268.555,447.000,505.000,2047.000
268.555,449.000,505.000,2047.000
219.727,451.000,505.000,2047.000
219.727,453.000,505.000,2047.000
146.484,455.000,505.000,2047.000
146.484,458.000,505.000,2047.000
58.594,460.000,505.000,2047.000
58.594,462.000,505.000,2047.000
-0.000,464.000,505.000,2047.000
-0.000,466.000,505.000,2047.000
-0.000,467.000,561.000,0.000
-0.000,469.000,561.000,0.000
-0.000,470.000,561.000,2047.000
-0.000,471.000,561.000,2047.000
-0.000,472.000,561.000,2047.000
-0.000,473.000,561.000,2047.000
-0.000,473.000,561.000,2047.000
-0.000,474.000,561.000,2047.000
-0.000,475.000,561.000,2047.000
-0.000,475.000,561.000,2047.000
-0.000,476.000,561.000,2047.000
-0.000,477.000,561.000,2047.000
-0.000,478.000,561.000,2047.000
-0.000,479.000,561.000,2047.000
-0.000,479.000,561.000,2047.000
-0.000,480.000,561.000,2047.000
-0.000,480.000,561.000,2047.000
-0.000,480.000,561.000,2047.000
-0.000,481.000,561.000,2047.000
-0.000,481.000,561.000,2047.000
-0.000,481.000,561.000,2047.000
-0.000,482.000,561.000,2047.000
-0.000,482.000,561.000,2047.000
-0.000,481.000,561.000,2047.000
-0.000,481.000,561.000,2047.000
-0.000,481.000,561.000,2047.000
-0.000,481.000,561.000,2047.000
-0.000,480.000,561.000,2047.000
-0.000,480.000,561.000,2047.000
-0.000,480.000,561.000,2047.000
-0.000,480.000,561.000,2047.000
-0.000,479.000,561.000,2047.000
-0.000,479.000,561.000,2047.000
-0.000,478.000,561.000,2047.000
-0.000,478.000,561.000,2047.000
-0.000,477.000,561.000,2047.000
-0.000,477.000,561.000,2047.000
-0.000,477.000,561.000,2047.000
-0.000,476.000,561.000,2047.000
-0.000,476.000,561.000,2047.000
-0.000,475.000,561.000,2047.000
-0.000,475.000,561.000,2047.000
-0.000,474.000,561.000,2047.000
-0.000,474.000,561.000,2047.000
-0.000,474.000,561.000,2047.000
-0.000,473.000,561.000,2047.000
-0.000,473.000,561.000,2047.000
-0.000,472.000,561.000,2047.000
-0.000,472.000,561.000,2047.000
-0.000,471.000,561.000,2047.000
-0.000,471.000,561.000,2047.000
-0.000,470.000,561.000,2047.000
-0.000,470.000,561.000,2047.000
-0.000,469.000,561.000,2047.000
-0.000,469.000,561.000,2047.000
-0.000,468.000,561.000,2047.000
-0.000,468.000,561.000,2047.000
-0.000,468.000,561.000,2047.000
-0.000,467.000,561.000,2047.000
-0.000,467.000,561.000,2047.000
-0.000,467.000,561.000,2047.000
-0.000,466.000,561.000,2047.000
-0.000,466.000,561.000,2047.000
-0.000,465.000,561.000,2047.000
-0.000,465.000,561.000,2047.000
19.531,464.000,561.000,2047.000
19.531,464.000,561.000,2047.000
43.945,463.000,561.000,2047.000
43.945,463.000,561.000,2047.000
68.359,462.000,561.000,2047.000
68.359,461.000,561.000,2047.000
97.656,460.000,561.000,2047.000
97.656,459.000,561.000,2047.000
131.836,458.000,561.000,2047.000
131.836,457.000,561.000,2047.000
166.016,456.000,561.000,2047.000
166.016,455.000,561.000,2047.000
195.312,455.000,561.000,2047.000
195.312,454.000,561.000,2047.000
224.609,453.000,561.000,2047.000
224.609,452.000,561.000,2047.000
258.789,451.000,561.000,2047.000
258.789,450.000,561.000,2047.000
292.969,448.000,561.000,2047.000
292.969,447.000,561.000,2047.000
327.148,446.000,561.000,2047.000
327.148,445.000,561.000,2047.000
371.094,444.000,561.000,2047.000
371.094,442.000,561.000,2047.000
419.922,441.000,561.000,2047.000
419.922,439.000,561.000,2047.000
473.633,437.000,561.000,2047.000
473.633,435.000,561.000,2047.000
532.227,434.000,561.000,2047.000
532.227,432.000,561.000,2047.000
585.937,431.000,561.000,2047.000
585.937,430.000,561.000,2047.000
620.117,429.000,561.000,2047.000
620.117,428.000,561.000,2047.000
634.766,428.000,561.000,2047.000
634.766,427.000,561.000,2047.000
639.648,427.000,561.000,2047.000
639.648,428.000,561.000,2047.000
620.117,428.000,561.000,2047.000
620.117,429.000,561.000,2047.000
576.172,431.000,561.000,2047.000
576.172,432.000,561.000,2047.000
507.812,434.000,561.000,2047.000
507.812,436.000,561.000,2047.000
419.922,438.000,561.000,2047.000
419.922,440.000,561.000,2047.000
346.680,441.000,561.000,2047.000
346.680,443.000,561.000,2047.000
278.320,444.000,561.000,2047.000
278.320,446.000,561.000,2047.000
219.727,447.000,561.000,2047.000
219.727,448.000,561.000,2047.000
170.898,449.000,561.000,2047.000
170.898,450.000,561.000,2047.000
117.187,452.000,561.000,2047.000
117.187,453.000,561.000,2047.000
63.477,455.000,561.000,2047.000
63.477,457.000,561.000,2047.000
-0.000,459.000,561.000,2047.000
-0.000,461.000,561.000,2047.000
-0.000,463.000,505.000,0.000
-0.000,465.000,505.000,0.000
-0.000,467.000,505.000,2047.000
-0.000,468.000,505.000,2047.000
-0.000,470.000,505.000,2047.000
-0.000,471.000,505.000,2047.000
-0.000,473.000,505.000,2047.000
-0.000,474.000,505.000,2047.000
-0.000,475.000,505.000,2047.000
-0.000,476.000,505.000,2047.000
-0.000,477.000,505.000,2047.000
-0.000,479.000,505.000,2047.000
-0.000,480.000,505.000,2047.000
-0.000,481.000,505.000,2047.000
-0.000,481.000,505.000,2047.000
-0.000,482.000,505.000,2047.000
-0.000,483.000,505.000,2047.000
-0.000,484.000,505.000,2047.000
-0.000,485.000,505.000,2047.000
-0.000,486.000,505.000,2047.000
-0.000,487.000,505.000,2047.000
-0.000,488.000,505.000,2047.000
-0.000,488.000,505.000,2047.000
-0.000,489.000,505.000,2047.000
-0.000,489.000,505.000,2047.000
-0.000,489.000,505.000,2047.000
-0.000,489.000,505.000,2047.000
-0.000,490.000,505.000,2047.000
-0.000,490.000,505.000,2047.000
-0.000,490.000,505.000,2047.000
-0.000,490.000,505.000,2047.000
-0.000,490.000,505.000,2047.000
-0.000,490.000,505.000,2047.000
-0.000,490.000,505.000,2047.000
-0.000,490.000,505.000,2047.000
-0.000,489.000,505.000,2047.000
-0.000,489.000,505.000,2047.000
-0.000,489.000,505.000,2047.000
-0.000,489.000,505.000,2047.000
-0.000,489.000,505.000,2047.000
-0.000,489.000,505.000,2047.000
-0.000,488.000,505.000,2047.000
-0.000,488.000,505.000,2047.000
-0.000,487.000,505.000,2047.000
-0.000,487.000,505.000,2047.000
-0.000,486.000,505.000,2047.000
-0.000,486.000,505.000,2047.000
-0.000,486.000,505.000,2047.000
-0.000,485.000,505.000,2047.000
-0.000,485.000,505.000,2047.000
-0.000,484.000,505.000,2047.000
-0.000,484.000,505.000,2047.000
-0.000,483.000,505.000,2047.000
-0.000,482.000,505.000,2047.000
-0.000,482.000,505.000,2047.000
-0.000,481.000,505.000,2047.000
-0.000,480.000,505.000,2047.000
-0.000,479.000,505.000,2047.000
-0.000,478.000,505.000,2047.000
-0.000,477.000,505.000,2047.000
-0.000,476.000,505.000,2047.000
-0.000,475.000,505.000,2047.000
-0.000,474.000,505.000,2047.000
-0.000,473.000,505.000,2047.000
-0.000,472.000,505.000,2047.000
-0.000,471.000,505.000,2047.000
-0.000,470.000,505.000,2047.000
-0.000,468.000,505.000,2047.000
9.766,467.000,505.000,2047.000
9.766,466.000,505.000,2047.000
58.594,465.000,505.000,2047.000
58.594,464.000,505.000,2047.000
102.539,462.000,505.000,2047.000
102.539,461.000,505.000,2047.000
141.602,460.000,505.000,2047.000
141.602,459.000,505.000,2047.000
185.547,458.000,505.000,2047.000
185.547,457.000,505.000,2047.000
229.492,455.000,505.000,2047.000
229.492,454.000,505.000,2047.000
268.555,453.000,505.000,2047.000
268.555,452.000,505.000,2047.000
312.500,451.000,505.000,2047.000
312.500,450.000,505.000,2047.000
346.680,448.000,505.000,2047.000
346.680,447.000,505.000,2047.000
385.742,446.000,505.000,2047.000
385.742,445.000,505.000,2047.000
415.039,444.000,505.000,2047.000
415.039,443.000,505.000,2047.000
444.336,443.000,505.000,2047.000
444.336,442.000,505.000,2047.000
463.867,441.000,505.000,2047.000
463.867,440.000,505.000,2047.000
483.398,440.000,505.000,2047.000
483.398,439.000,505.000,2047.000
498.047,439.000,505.000,2047.000
498.047,438.000,505.000,2047.000
512.695,437.000,505.000,2047.000
512.695,436.000,505.000,2047.000
532.227,436.000,505.000,2047.000
532.227,435.000,505.000,2047.000
551.758,434.000,505.000,2047.000
551.758,433.000,505.000,2047.000
571.289,433.000,505.000,2047.000
571.289,432.000,505.000,2047.000
581.055,432.000,505.000,2047.000
581.055,431.000,505.000,2047.000
581.055,431.000,505.000,2047.000
581.055,432.000,505.000,2047.000
566.406,432.000,505.000,2047.000
566.406,433.000,505.000,2047.000
527.344,434.000,505.000,2047.000
527.344,436.000,505.000,2047.000
468.750,437.000,505.000,2047.000
468.750,439.000,505.000,2047.000
400.391,440.000,505.000,2047.000
400.391,441.000,505.000,2047.000
346.680,442.000,505.000,2047.000
346.680,442.000,505.000,2047.000
312.500,443.000,505.000,2047.000
312.500,443.000,505.000,2047.000
302.734,443.000,505.000,2047.000
302.734,443.000,505.000,2047.000
297.852,442.000,505.000,2047.000
297.852,442.000,505.000,2047.000
292.969,442.000,505.000,2047.000
292.969,443.000,505.000,2047.000
288.086,443.000,505.000,2047.000
288.086,444.000,505.000,2047.000
263.672,445.000,505.000,2047.000
263.672,446.000,505.000,2047.000
214.844,448.000,505.000,2047.000
214.844,450.000,505.000,2047.000
141.602,452.000,505.000,2047.000
141.602,454.000,505.000,2047.000
53.711,456.000,505.000,2047.000
53.711,458.000,505.000,2047.000
-0.000,459.000,505.000,2047.000
-0.000,461.000,505.000,2047.000
-0.000,462.000,561.000,0.000
-0.000,463.000,561.000,0.000
-0.000,464.000,561.000,2047.000
-0.000,465.000,561.000,2047.000
-0.000,466.000,561.000,2047.000
-0.000,467.000,561.000,2047.000
-0.000,467.000,561.000,2047.000
-0.000,468.000,561.000,2047.000
-0.000,469.000,561.000,2047.000
-0.000,470.000,561.000,2047.000
-0.000,471.000,561.000,2047.000
-0.000,472.000,561.000,2047.000
-0.000,473.000,561.000,2047.000
-0.000,474.000,561.000,2047.000
-0.000,475.000,561.000,2047.000
-0.000,476.000,561.000,2047.000
-0.000,476.000,561.000,2047.000
-0.000,477.000,561.000,2047.000
-0.000,477.000,561.000,2047.000
-0.000,478.000,561.000,2047.000
-0.000,478.000,561.000,2047.000
-0.000,479.000,561.000,2047.000
-0.000,479.000,561.000,2047.000
-0.000,480.000,561.000,2047.000
-0.000,481.000,561.000,2047.000
-0.000,481.000,561.000,2047.000
-0.000,482.000,561.000,2047.000
-0.000,482.000,561.000,2047.000
-0.000,483.000,561.000,2047.000
-0.000,483.000,561.000,2047.000
-0.000,484.000,561.000,2047.000
-0.000,484.000,561.000,2047.000
-0.000,484.000,561.000,2047.000
-0.000,484.000,561.000,2047.000
-0.000,484.000,561.000,2047.000
-0.000,484.000,561.000,2047.000
-0.000,484.000,561.000,2047.000
-0.000,484.000,561.000,2047.000
-0.000,484.000,561.000,2047.000
-0.000,484.000,561.000,2047.000
-0.000,483.000,561.000,2047.000
-0.000,483.000,561.000,2047.000
-0.000,483.000,561.000,2047.000
-0.000,483.000,561.000,2047.000
-0.000,482.000,561.000,2047.000
-0.000,482.000,561.000,2047.000
-0.000,482.000,561.000,2047.000
-0.000,482.000,561.000,2047.000
-0.000,481.000,561.000,2047.000
-0.000,481.000,561.000,2047.000
-0.000,481.000,561.000,2047.000
-0.000,481.000,561.000,2047.000
-0.000,480.000,561.000,2047.000
-0.000,480.000,561.000,2047.000
-0.000,480.000,561.000,2047.000
-0.000,479.000,561.000,2047.000
-0.000,479.000,561.000,2047.000
-0.000,478.000,561.000,2047.000
-0.000,477.000,561.000,2047.000
-0.000,476.000,561.000,2047.000
-0.000,475.000,561.000,2047.000
-0.000,474.000,561.000,2047.000
-0.000,473.000,561.000,2047.000
-0.000,473.000,561.000,2047.000
-0.000,471.000,561.000,2047.000
-0.000,470.000,561.000,2047.000
-0.000,469.000,561.000,2047.000
-0.000,468.000,561.000,2047.000
-0.000,467.000,561.000,2047.000
-0.000,466.000,561.000,2047.000
19.531,464.000,561.000,2047.000
19.531,463.000,561.000,2047.000
63.477,462.000,561.000,2047.000
63.477,461.000,561.000,2047.000
112.305,459.000,561.000,2047.000
112.305,458.000,561.000,2047.000
166.016,456.000,561.000,2047.000
166.016,455.000,561.000,2047.000
219.727,453.000,561.000,2047.000
219.727,452.000,561.000,2047.000
268.555,451.000,561.000,2047.000
268.555,450.000,561.000,2047.000
302.734,449.000,561.000,2047.000
302.734,448.000,561.000,2047.000
341.797,447.000,561.000,2047.000
341.797,446.000,561.000,2047.000
375.977,445.000,561.000,2047.000
375.977,444.000,561.000,2047.000
405.273,443.000,561.000,2047.000
405.273,442.000,561.000,2047.000
439.453,441.000,561.000,2047.000
439.453,439.000,561.000,2047.000
468.750,438.000,561.000,2047.000
468.750,437.000,561.000,2047.000
502.930,436.000,561.000,2047.000
502.930,435.000,561.000,2047.000
537.109,434.000,561.000,2047.000
537.109,433.000,561.000,2047.000
561.523,432.000,561.000,2047.000
561.523,432.000,561.000,2047.000
581.055,431.000,561.000,2047.000
581.055,431.000,561.000,2047.000
585.937,431.000,561.000,2047.000
585.937,430.000,561.000,2047.000
585.937,430.000,561.000,2047.000
585.937,431.000,561.000,2047.000
571.289,431.000,561.000,2047.000
571.289,432.000,561.000,2047.000
537.109,433.000,561.000,2047.000
537.109,434.000,561.000,2047.000
493.164,435.000,561.000,2047.000
493.164,436.000,561.000,2047.000
439.453,437.000,561.000,2047.000
439.453,438.000,561.000,2047.000
380.859,440.000,561.000,2047.000
380.859,441.000,561.000,2047.000
317.383,443.000,561.000,2047.000
317.383,445.000,561.000,2047.000
253.906,446.000,561.000,2047.000
253.906,448.000,561.000,2047.000
180.664,450.000,561.000,2047.000
180.664,452.000,561.000,2047.000
102.539,454.000,561.000,2047.000
102.539,456.000,561.000,2047.000
24.414,458.000,561.000,2047.000
24.414,460.000,561.000,2047.000
-0.000,462.000,561.000,2047.000
-0.000,465.000,561.000,2047.000
-0.000,466.000,513.000,0.000
-0.000,468.000,513.000,0.000
-0.000,470.000,513.000,2047.000
-0.000,472.000,513.000,2047.000
-0.000,473.000,513.000,2047.000
-0.000,474.000,513.000,2047.000
-0.000,476.000,513.000,2047.000
-0.000,477.000,513.000,2047.000
-0.000,479.000,513.000,2047.000
-0.000,480.000,513.000,2047.000
-0.000,481.000,513.000,2047.000
-0.000,482.000,513.000,2047.000
-0.000,483.000,513.000,2047.000
-0.000,484.000,513.000,2047.000
-0.000,485.000,513.000,2047.000
-0.000,486.000,513.000,2047.000
-0.000,487.000,513.000,2047.000
-0.000,488.000,513.000,2047.000
-0.000,489.000,513.000,2047.000
-0.000,490.000,513.000,2047.000
-0.000,491.000,513.000,2047.000
-0.000,491.000,513.000,2047.000
-0.000,492.000,513.000,2047.000
-0.000,492.000,513.000,2047.000
-0.000,492.000,513.000,2047.000
-0.000,492.000,513.000,2047.000
-0.000,492.000,513.000,2047.000
-0.000,492.000,513.000,2047.000
-0.000,492.000,513.000,2047.000
-0.000,492.000,513.000,2047.000
-0.000,492.000,513.000,2047.000
-0.000,491.000,513.000,2047.000
-0.000,491.000,513.000,2047.000
-0.000,491.000,513.000,2047.000
-0.000,491.000,513.000,2047.000
-0.000,491.000,513.000,2047.000
-0.000,491.000,513.000,2047.000
-0.000,491.000,513.000,2047.000
-0.000,490.000,513.000,2047.000
-0.000,490.000,513.000,2047.000
-0.000,490.000,513.000,2047.000
-0.000,489.000,513.000,2047.000
-0.000,489.000,513.000,2047.000
-0.000,489.000,513.000,2047.000
-0.000,488.000,513.000,2047.000
-0.000,488.000,513.000,2047.000
-0.000,487.000,513.000,2047.000
-0.000,487.000,513.000,2047.000
-0.000,486.000,513.000,2047.000
-0.000,485.000,513.000,2047.000
-0.000,485.000,513.000,2047.000
-0.000,484.000,513.000,2047.000
-0.000,484.000,513.000,2047.000
-0.000,483.000,513.000,2047.000
-0.000,482.000,513.000,2047.000
-0.000,482.000,513.000,2047.000
-0.000,481.000,513.000,2047.000
-0.000,480.000,513.000,2047.000
-0.000,480.000,513.000,2047.000
-0.000,479.000,513.000,2047.000
-0.000,478.000,513.000,2047.000
-0.000,477.000,513.000,2047.000
-0.000,476.000,513.000,2047.000
-0.000,475.000,513.000,2047.000
-0.000,474.000,513.000,2047.000
-0.000,473.000,513.000,2047.000
-0.000,472.000,513.000,2047.000
-0.000,471.000,513.000,2047.000
-0.000,470.000,513.000,2047.000
-0.000,469.000,513.000,2047.000
19.531,467.000,513.000,2047.000
19.531,466.000,513.000,2047.000
68.359,465.000,513.000,2047.000
68.359,464.000,513.000,2047.000
112.305,463.000,513.000,2047.000
112.305,462.000,513.000,2047.000
151.367,461.000,513.000,2047.000
151.367,460.000,513.000,2047.000
190.430,458.000,513.000,2047.000
190.430,457.000,513.000,2047.000
229.492,456.000,513.000,2047.000
229.492,455.000,513.000,2047.000
263.672,454.000,513.000,2047.000
263.672,453.000,513.000,2047.000
302.734,452.000,513.000,2047.000
302.734,451.000,513.000,2047.000
332.031,450.000,513.000,2047.000
332.031,449.000,513.000,2047.000
361.328,448.000,513.000,2047.000
361.328,447.000,513.000,2047.000
390.625,446.000,513.000,2047.000
390.625,445.000,513.000,2047.000
424.805,444.000,513.000,2047.000
424.805,443.000,513.000,2047.000
458.984,442.000,513.000,2047.000
458.984,440.000,513.000,2047.000
502.930,439.000,513.000,2047.000
502.930,437.000,513.000,2047.000
551.758,436.000,513.000,2047.000
551.758,434.000,513.000,2047.000
590.820,433.000,513.000,2047.000
590.820,432.000,513.000,2047.000
625.000,431.000,513.000,2047.000
625.000,431.000,513.000,2047.000
644.531,430.000,513.000,2047.000
644.531,430.000,513.000,2047.000
649.414,430.000,513.000,2047.000
649.414,431.000,513.000,2047.000
634.766,431.000,513.000,2047.000
634.766,433.000,513.000,2047.000
585.937,434.000,513.000,2047.000
585.937,436.000,513.000,2047.000
512.695,438.000,513.000,2047.000
512.695,440.000,513.000,2047.000
419.922,442.000,513.000,2047.000
419.922,444.000,513.000,2047.000
336.914,445.000,513.000,2047.000
336.914,446.000,513.000,2047.000
283.203,447.000,513.000,2047.000
283.203,447.000,513.000,2047.000
253.906,447.000,513.000,2047.000
253.906,447.000,513.000,2047.000
244.141,447.000,513.000,2047.000
244.141,447.000,513.000,2047.000
244.141,447.000,513.000,2047.000
244.141,447.000,513.000,2047.000
239.258,447.000,513.000,2047.000
239.258,448.000,513.000,2047.000
224.609,449.000,513.000,2047.000
224.609,450.000,513.000,2047.000
185.547,451.000,513.000,2047.000
185.547,453.000,513.000,2047.000
122.070,456.000,513.000,2047.000
122.070,458.000,513.000,2047.000
29.297,461.000,513.000,2047.000
29.297,463.000,513.000,2047.000
-0.000,466.000,513.000,2047.000
-0.000,467.000,513.000,2047.000
-0.000,469.000,553.000,0.000
-0.000,470.000,553.000,0.000
-0.000,471.000,553.000,2047.000
-0.000,471.000,553.000,2047.000
-0.000,472.000,553.000,2047.000
-0.000,472.000,553.000,2047.000
-0.000,473.000,553.000,2047.000
-0.000,473.000,553.000,2047.000
-0.000,473.000,553.000,2047.000
-0.000,474.000,553.000,2047.000
-0.000,474.000,553.000,2047.000
-0.000,475.000,553.000,2047.000
-0.000,476.000,553.000,2047.000
-0.000,477.000,553.000,2047.000
-0.000,478.000,553.000,2047.000
-0.000,479.000,553.000,2047.000
-0.000,480.000,553.000,2047.000
-0.000,481.000,553.000,2047.000
-0.000,481.000,553.000,2047.000
-0.000,482.000,553.000,2047.000
-0.000,482.000,553.000,2047.000
-0.000,482.000,553.000,2047.000
-0.000,482.000,553.000,2047.000
-0.000,482.000,553.000,2047.000
-0.000,482.000,553.000,2047.000
-0.000,482.000,553.000,2047.000
-0.000,481.000,553.000,2047.000
-0.000,481.000,553.000,2047.000
-0.000,481.000,553.000,2047.000
-0.000,480.000,553.000,2047.000
-0.000,480.000,553.000,2047.000
-0.000,479.000,553.000,2047.000
-0.000,479.000,553.000,2047.000
-0.000,479.000,553.000,2047.000
-0.000,479.000,553.000,2047.000
-0.000,478.000,553.000,2047.000
-0.000,478.000,553.000,2047.000
-0.000,478.000,553.000,2047.000
-0.000,478.000,553.000,2047.000
-0.000,478.000,553.000,2047.000
-0.000,477.000,553.000,2047.000
-0.000,477.000,553.000,2047.000
-0.000,477.000,553.000,2047.000
-0.000,476.000,553.000,2047.000
-0.000,476.000,553.000,2047.000
-0.000,476.000,553.000,2047.000
-0.000,475.000,553.000,2047.000
-0.000,475.000,553.000,2047.000
-0.000,474.000,553.000,2047.000
-0.000,474.000,553.000,2047.000
-0.000,473.000,553.000,2047.000
-0.000,472.000,553.000,2047.000
-0.000,472.000,553.000,2047.000
-0.000,471.000,553.000,2047.000
-0.000,471.000,553.000,2047.000
-0.000,470.000,553.000,2047.000
-0.000,470.000,553.000,2047.000
-0.000,469.000,553.000,2047.000
-0.000,468.000,553.000,2047.000
-0.000,468.000,553.000,2047.000
-0.000,467.000,553.000,2047.000
-0.000,466.000,553.000,2047.000
-0.000,466.000,553.000,2047.000
-0.000,465.000,553.000,2047.000
14.648,465.000,553.000,2047.000
14.648,464.000,553.000,2047.000
43.945,463.000,553.000,2047.000
43.945,462.000,553.000,2047.000
73.242,461.000,553.000,2047.000
73.242,461.000,553.000,2047.000
102.539,460.000,553.000,2047.000
102.539,459.000,553.000,2047.000
126.953,459.000,553.000,2047.000
126.953,458.000,553.000,2047.000
151.367,457.000,553.000,2047.000
151.367,456.000,553.000,2047.000
175.781,456.000,553.000,2047.000
175.781,455.000,553.000,2047.000
200.195,454.000,553.000,2047.000
200.195,453.000,553.000,2047.000
224.609,453.000,553.000,2047.000
224.609,452.000,553.000,2047.000
249.023,451.000,553.000,2047.000
249.023,451.000,553.000,2047.000
273.437,449.000,553.000,2047.000
273.437,449.000,553.000,2047.000
302.734,448.000,553.000,2047.000
302.734,447.000,553.000,2047.000
332.031,446.000,553.000,2047.000
332.031,444.000,553.000,2047.000
366.211,443.000,553.000,2047.000
366.211,442.000,553.000,2047.000
410.156,440.000,553.000,2047.000
410.156,438.000,553.000,2047.000
458.984,437.000,553.000,2047.000
458.984,435.000,553.000,2047.000
517.578,433.000,553.000,2047.000
517.578,432.000,553.000,2047.000
576.172,430.000,553.000,2047.000
576.172,429.000,553.000,2047.000
615.234,429.000,553.000,2047.000
615.234,428.000,553.000,2047.000
634.766,428.000,553.000,2047.000
634.766,427.000,553.000,2047.000
639.648,427.000,553.000,2047.000
639.648,428.000,553.000,2047.000
625.000,428.000,553.000,2047.000
625.000,429.000,553.000,2047.000
590.820,430.000,553.000,2047.000
590.820,431.000,553.000,2047.000
541.992,433.000,553.000,2047.000
541.992,434.000,553.000,2047.000
478.516,435.000,553.000,2047.000
478.516,436.000,553.000,2047.000
429.687,437.000,553.000,2047.000
429.687,438.000,553.000,2047.000
385.742,438.000,553.000,2047.000
385.742,439.000,553.000,2047.000
346.680,440.000,553.000,2047.000
346.680,441.000,553.000,2047.000
307.617,442.000,553.000,2047.000
307.617,442.000,553.000,2047.000
268.555,443.000,553.000,2047.000
268.555,444.000,553.000,2047.000
229.492,446.000,553.000,2047.000
229.492,447.000,553.000,2047.000
175.781,450.000,553.000,2047.000
175.781,452.000,553.000,2047.000
92.773,454.000,553.000,2047.000
92.773,457.000,553.000,2047.000
-0.000,460.000,553.000,2047.000
-0.000,462.000,553.000,2047.000
-0.000,464.000,529.000,0.000
-0.000,466.000,529.000,0.000
-0.000,468.000,529.000,2047.000
-0.000,469.000,529.000,2047.000
-0.000,470.000,529.000,2047.000
-0.000,472.000,529.000,2047.000
-0.000,473.000,529.000,2047.000
-0.000,474.000,529.000,2047.000
-0.000,475.000,529.000,2047.000
-0.000,476.000,529.000,2047.000
-0.000,477.000,529.000,2047.000
-0.000,479.000,529.000,2047.000
-0.000,480.000,529.000,2047.000
-0.000,481.000,529.000,2047.000
-0.000,483.000,529.000,2047.000
-0.000,484.000,529.000,2047.000
-0.000,485.000,529.000,2047.000
-0.000,486.000,529.000,2047.000
-0.000,488.000,529.000,2047.000
-0.000,488.000,529.000,2047.000
-0.000,489.000,529.000,2047.000
-0.000,490.000,529.000,2047.000
-0.000,490.000,529.000,2047.000
-0.000,491.000,529.000,2047.000
-0.000,491.000,529.000,2047.000
-0.000,491.000,529.000,2047.000
-0.000,492.000,529.000,2047.000
-0.000,492.000,529.000,2047.000
-0.000,492.000,529.000,2047.000
-0.000,492.000,529.000,2047.000
-0.000,492.000,529.000,2047.000
-0.000,492.000,529.000,2047.000
-0.000,492.000,529.000,2047.000
-0.000,492.000,529.000,2047.000
-0.000,491.000,529.000,2047.000
-0.000,491.000,529.000,2047.000
-0.000,491.000,529.000,2047.000
-0.000,491.000,529.000,2047.000
-0.000,490.000,529.000,2047.000
-0.000,490.000,529.000,2047.000
-0.000,489.000,529.000,2047.000
-0.000,489.000,529.000,2047.000
-0.000,488.000,529.000,2047.000
-0.000,487.000,529.000,2047.000
-0.000,487.000,529.000,2047.000
-0.000,486.000,529.000,2047.000
-0.000,485.000,529.000,2047.000
-0.000,485.000,529.000,2047.000
-0.000,484.000,529.000,2047.000
-0.000,483.000,529.000,2047.000
-0.000,483.000,529.000,2047.000
-0.000,482.000,529.000,2047.000
-0.000,481.000,529.000,2047.000
-0.000,481.000,529.000,2047.000
-0.000,480.000,529.000,2047.000
-0.000,480.000,529.000,2047.000
-0.000,479.000,529.000,2047.000
-0.000,478.000,529.000,2047.000
-0.000,477.000,529.000,2047.000
-0.000,477.000,529.000,2047.000
-0.000,476.000,529.000,2047.000
-0.000,475.000,529.000,2047.000
-0.000,474.000,529.000,2047.000
-0.000,474.000,529.000,2047.000
-0.000,473.000,529.000,2047.000
-0.000,472.000,529.000,2047.000
-0.000,471.000,529.000,2047.000
-0.000,470.000,529.000,2047.000
-0.000,470.000,529.000,2047.000
-0.000,469.000,529.000,2047.000
-0.000,468.000,529.000,2047.000
-0.000,467.000,529.000,2047.000
14.648,467.000,529.000,2047.000
14.648,466.000,529.000,2047.000
43.945,465.000,529.000,2047.000
43.945,464.000,529.000,2047.000
73.242,463.000,529.000,2047.000
73.242,463.000,529.000,2047.000
102.539,462.000,529.000,2047.000
102.539,461.000,529.000,2047.000
131.836,460.000,529.000,2047.000
131.836,459.000,529.000,2047.000
161.133,459.000,529.000,2047.000
161.133,458.000,529.000,2047.000
190.430,457.000,529.000,2047.000
190.430,456.000,529.000,2047.000
214.844,456.000,529.000,2047.000
214.844,455.000,529.000,2047.000
239.258,454.000,529.000,2047.000
239.258,453.000,529.000,2047.000
268.555,452.000,529.000,2047.000
268.555,451.000,529.000,2047.000
302.734,450.000,529.000,2047.000
302.734,449.000,529.000,2047.000
332.031,448.000,529.000,2047.000
332.031,446.000,529.000,2047.000
375.977,445.000,529.000,2047.000
375.977,443.000,529.000,2047.000
424.805,441.000,529.000,2047.000
424.805,439.000,529.000,2047.000
488.281,437.000,529.000,2047.000
488.281,436.000,529.000,2047.000
551.758,434.000,529.000,2047.000
551.758,432.000,529.000,2047.000
600.586,432.000,529.000,2047.000
600.586,431.000,529.000,2047.000
634.766,430.000,529.000,2047.000
634.766,430.000,529.000,2047.000
644.531,430.000,529.000,2047.000
644.531,430.000,529.000,2047.000
639.648,431.000,529.000,2047.000
639.648,432.000,529.000,2047.000
600.586,433.000,529.000,2047.000
600.586,435.000,529.000,2047.000
532.227,437.000,529.000,2047.000
532.227,439.000,529.000,2047.000
449.219,441.000,529.000,2047.000
449.219,442.000,529.000,2047.000
371.094,444.000,529.000,2047.000
371.094,445.000,529.000,2047.000
307.617,445.000,529.000,2047.000
307.617,446.000,529.000,2047.000
268.555,446.000,529.000,2047.000
268.555,447.000,529.000,2047.000
249.023,447.000,529.000,2047.000
249.023,447.000,529.000,2047.000
229.492,448.000,529.000,2047.000
229.492,448.000,529.000,2047.000
209.961,450.000,529.000,2047.000
209.961,451.000,529.000,2047.000
166.016,453.000,529.000,2047.000
166.016,455.000,529.000,2047.000
92.773,459.000,529.000,2047.000
92.773,461.000,529.000,2047.000
-0.000,465.000,529.000,2047.000
-0.000,467.000,529.000,2047.000
-0.000,470.000,545.000,0.000
-0.000,473.000,545.000,0.000
-0.000,475.000,545.000,2047.000
-0.000,477.000,545.000,2047.000
-0.000,479.000,545.000,2047.000
-0.000,480.000,545.000,2047.000
-0.000,481.000,545.000,2047.000
-0.000,482.000,545.000,2047.000
-0.000,482.000,545.000,2047.000
-0.000,483.000,545.000,2047.000
-0.000,484.000,545.000,2047.000
-0.000,485.000,545.000,2047.000
-0.000,486.000,545.000,2047.000
-0.000,487.000,545.000,2047.000
-0.000,488.000,545.000,2047.000
-0.000,489.000,545.000,2047.000
-0.000,490.000,545.000,2047.000
-0.000,491.000,545.000,2047.000
-0.000,492.000,545.000,2047.000
-0.000,493.000,545.000,2047.000
-0.000,493.000,545.000,2047.000
-0.000,494.000,545.000,2047.000
-0.000,494.000,545.000,2047.000
-0.000,494.000,545.000,2047.000
-0.000,494.000,545.000,2047.000
-0.000,494.000,545.000,2047.000
-0.000,493.000,545.000,2047.000
-0.000,493.000,545.000,2047.000
-0.000,493.000,545.000,2047.000
-0.000,492.000,545.000,2047.000
-0.000,492.000,545.000,2047.000
-0.000,491.000,545.000,2047.000
-0.000,491.000,545.000,2047.000
-0.000,491.000,545.000,2047.000
-0.000,491.000,545.000,2047.000
-0.000,491.000,545.000,2047.000
-0.000,491.000,545.000,2047.000
-0.000,491.000,545.000,2047.000
-0.000,490.000,545.000,2047.000
-0.000,490.000,545.000,2047.000
-0.000,490.000,545.000,2047.000
-0.000,490.000,545.000,2047.000
-0.000,490.000,545.000,2047.000
-0.000,490.000,545.000,2047.000
-0.000,489.000,545.000,2047.000
-0.000,489.000,545.000,2047.000
-0.000,488.000,545.000,2047.000
-0.000,488.000,545.000,2047.000
-0.000,487.000,545.000,2047.000
-0.000,486.000,545.000,2047.000
-0.000,485.000,545.000,2047.000
-0.000,485.000,545.000,2047.000
-0.000,484.000,545.000,2047.000
-0.000,483.000,545.000,2047.000
-0.000,482.000,545.000,2047.000
-0.000,482.000,545.000,2047.000
-0.000,481.000,545.000,2047.000
-0.000,480.000,545.000,2047.000
-0.000,479.000,545.000,2047.000
-0.000,479.000,545.000,2047.000
-0.000,478.000,545.000,2047.000
-0.000,477.000,545.000,2047.000
-0.000,476.000,545.000,2047.000
-0.000,476.000,545.000,2047.000
-0.000,474.000,545.000,2047.000
-0.000,473.000,545.000,2047.000
-0.000,472.000,545.000,2047.000
-0.000,471.000,545.000,2047.000
-0.000,470.000,545.000,2047.000
-0.000,469.000,545.000,2047.000
29.297,468.000,545.000,2047.000
29.297,467.000,545.000,2047.000
73.242,466.000,545.000,2047.000
73.242,465.000,545.000,2047.000
107.422,464.000,545.000,2047.000
107.422,463.000,545.000,2047.000
146.484,462.000,545.000,2047.000
146.484,461.000,545.000,2047.000
175.781,460.000,545.000,2047.000
175.781,460.000,545.000,2047.000
209.961,459.000,545.000,2047.000
209.961,458.000,545.000,2047.000
239.258,457.000,545.000,2047.000
239.258,456.000,545.000,2047.000
268.555,455.000,545.000,2047.000
268.555,454.000,545.000,2047.000
292.969,454.000,545.000,2047.000
292.969,453.000,545.000,2047.000
322.266,452.000,545.000,2047.000
322.266,451.000,545.000,2047.000
351.562,450.000,545.000,2047.000
351.562,449.000,545.000,2047.000
380.859,448.000,545.000,2047.000
380.859,447.000,545.000,2047.000
410.156,446.000,545.000,2047.000
410.156,444.000,545.000,2047.000
444.336,443.000,545.000,2047.000
444.336,442.000,545.000,2047.000
488.281,440.000,545.000,2047.000
488.281,439.000,545.000,2047.000
537.109,437.000,545.000,2047.000
537.109,436.000,545.000,2047.000
576.172,435.000,545.000,2047.000
576.172,433.000,545.000,2047.000
620.117,433.000,545.000,2047.000
620.117,432.000,545.000,2047.000
644.531,431.000,545.000,2047.000
644.531,430.000,545.000,2047.000
664.062,430.000,545.000,2047.000
664.062,429.000,545.000,2047.000
668.945,429.000,545.000,2047.000
668.945,429.000,545.000,2047.000
668.945,429.000,545.000,2047.000
668.945,429.000,545.000,2047.000
659.180,429.000,545.000,2047.000
659.180,430.000,545.000,2047.000
639.648,430.000,545.000,2047.000
639.648,431.000,545.000,2047.000
610.352,432.000,545.000,2047.000
610.352,433.000,545.000,2047.000
561.523,434.000,545.000,2047.000
561.523,435.000,545.000,2047.000
502.930,437.000,545.000,2047.000
502.930,439.000,545.000,2047.000
439.453,440.000,545.000,2047.000
439.453,442.000,545.000,2047.000
361.328,445.000,545.000,2047.000
361.328,447.000,545.000,2047.000
273.437,449.000,545.000,2047.000
273.437,451.000,545.000,2047.000
190.430,453.000,545.000,2047.000
190.430,454.000,545.000,2047.000
107.422,456.000,545.000,2047.000
107.422,457.000,545.000,2047.000
48.828,459.000,545.000,2047.000
48.828,460.000,545.000,2047.000
-0.000,461.000,545.000,2047.000
-0.000,463.000,545.000,2047.000
-0.000,465.000,553.000,0.000
-0.000,466.000,553.000,0.000
-0.000,468.000,553.000,2047.000
-0.000,469.000,553.000,2047.000
-0.000,470.000,553.000,2047.000
-0.000,472.000,553.000,2047.000
-0.000,473.000,553.000,2047.000
-0.000,475.000,553.000,2047.000
-0.000,476.000,553.000,2047.000
-0.000,477.000,553.000,2047.000
-0.000,478.000,553.000,2047.000
-0.000,479.000,553.000,2047.000
-0.000,480.000,553.000,2047.000
-0.000,481.000,553.000,2047.000
-0.000,481.000,553.000,2047.000
-0.000,481.000,553.000,2047.000
-0.000,482.000,553.000,2047.000
-0.000,482.000,553.000,2047.000
-0.000,483.000,553.000,2047.000
-0.000,483.000,553.000,2047.000
-0.000,484.000,553.000,2047.000
-0.000,484.000,553.000,2047.000
-0.000,484.000,553.000,2047.000
-0.000,484.000,553.000,2047.000
-0.000,484.000,553.000,2047.000
-0.000,484.000,553.000,2047.000
-0.000,484.000,553.000,2047.000
-0.000,484.000,553.000,2047.000
-0.000,483.000,553.000,2047.000
-0.000,483.000,553.000,2047.000
-0.000,483.000,553.000,2047.000
-0.000,482.000,553.000,2047.000
-0.000,482.000,553.000,2047.000
-0.000,481.000,553.000,2047.000
-0.000,481.000,553.000,2047.000
-0.000,480.000,553.000,2047.000
-0.000,479.000,553.000,2047.000
-0.000,479.000,553.000,2047.000
-0.000,479.000,553.000,2047.000
-0.000,478.000,553.000,2047.000
-0.000,478.000,553.000,2047.000
-0.000,477.000,553.000,2047.000
-0.000,477.000,553.000,2047.000
-0.000,476.000,553.000,2047.000
-0.000,476.000,553.000,2047.000
-0.000,475.000,553.000,2047.000
-0.000,474.000,553.000,2047.000
-0.000,474.000,553.000,2047.000
-0.000,473.000,553.000,2047.000
-0.000,472.000,553.000,2047.000
-0.000,472.000,553.000,2047.000
-0.000,471.000,553.000,2047.000
-0.000,471.000,553.000,2047.000
-0.000,470.000,553.000,2047.000
-0.000,470.000,553.000,2047.000
-0.000,469.000,553.000,2047.000
-0.000,468.000,553.000,2047.000
-0.000,468.000,553.000,2047.000
-0.000,467.000,553.000,2047.000
-0.000,467.000,553.000,2047.000
-0.000,466.000,553.000,2047.000
14.648,465.000,553.000,2047.000
14.648,464.000,553.000,2047.000
43.945,463.000,553.000,2047.000
43.945,462.000,553.000,2047.000
83.008,461.000,553.000,2047.000
83.008,461.000,553.000,2047.000
117.187,460.000,553.000,2047.000
117.187,459.000,553.000,2047.000
117.187,458.000,553.000,2047.000
151.367,457.000,553.000,2047.000
151.367,455.000,553.000,2047.000
190.430,454.000,553.000,2047.000
224.609,453.000,553.000,2047.000
224.609,452.000,553.000,2047.000
258.789,451.000,553.000,2047.000
258.789,450.000,553.000,2047.000
292.969,449.000,553.000,2047.000
292.969,448.000,553.000,2047.000
327.148,447.000,553.000,2047.000
327.148,446.000,553.000,2047.000
366.211,445.000,553.000,2047.000
366.211,444.000,553.000,2047.000
400.391,442.000,553.000,2047.000
400.391,441.000,553.000,2047.000
444.336,440.000,553.000,2047.000
444.336,438.000,553.000,2047.000
493.164,437.000,553.000,2047.000
493.164,435.000,553.000,2047.000
551.758,433.000,553.000,2047.000
551.758,431.000,553.000,2047.000
620.117,428.000,553.000,2047.000
620.117,426.000,553.000,2047.000
688.477,424.000,553.000,2047.000
688.477,423.000,553.000,2047.000
747.070,421.000,553.000,2047.000
747.070,420.000,553.000,2047.000
791.016,419.000,553.000,2047.000
791.016,418.000,553.000,2047.000
805.664,418.000,553.000,2047.000
805.664,418.000,553.000,2047.000
795.898,418.000,553.000,2047.000
795.898,419.000,553.000,2047.000
751.953,421.000,553.000,2047.000
751.953,423.000,553.000,2047.000
649.414,427.000,553.000,2047.000
649.414,431.000,553.000,2047.000
502.930,434.000,553.000,2047.000
502.930,437.000,553.000,2047.000
361.328,440.000,553.000,2047.000
361.328,442.000,553.000,2047.000
258.789,444.000,553.000,2047.000
258.789,445.000,553.000,2047.000
209.961,445.000,553.000,2047.000
209.961,446.000,553.000,2047.000
185.547,446.000,553.000,2047.000
185.547,446.000,553.000,2047.000
175.781,446.000,553.000,2047.000
175.781,446.000,553.000,2047.000
170.898,446.000,553.000,2047.000
170.898,447.000,553.000,2047.000
151.367,448.000,553.000,2047.000
151.367,449.000,553.000,2047.000
92.773,452.000,553.000,2047.000
92.773,455.000,553.000,2047.000
-0.000,458.000,553.000,2047.000
-0.000,461.000,553.000,2047.000
-0.000,464.000,513.000,0.000
-0.000,467.000,513.000,0.000
-0.000,469.000,513.000,2047.000
-0.000,471.000,513.000,2047.000
-0.000,472.000,513.000,2047.000
-0.000,473.000,513.000,2047.000
-0.000,474.000,513.000,2047.000
-0.000,474.000,513.000,2047.000
-0.000,474.000,513.000,2047.000
-0.000,475.000,513.000,2047.000
-0.000,475.000,513.000,2047.000
-0.000,475.000,513.000,2047.000
-0.000,475.000,513.000,2047.000
-0.000,476.000,513.000,2047.000
-0.000,477.000,513.000,2047.000
-0.000,478.000,513.000,2047.000
-0.000,479.000,513.000,2047.000
-0.000,480.000,513.000,2047.000
-0.000,481.000,513.000,2047.000
-0.000,482.000,513.000,2047.000
-0.000,482.000,513.000,2047.000
-0.000,483.000,513.000,2047.000
-0.000,483.000,513.000,2047.000
-0.000,483.000,513.000,2047.000
-0.000,484.000,513.000,2047.000
-0.000,484.000,513.000,2047.000
-0.000,484.000,513.000,2047.000
-0.000,484.000,513.000,2047.000
-0.000,484.000,513.000,2047.000
-0.000,484.000,513.000,2047.000
-0.000,484.000,513.000,2047.000
-0.000,483.000,513.000,2047.000
-0.000,483.000,513.000,2047.000
-0.000,483.000,513.000,2047.000
-0.000,483.000,513.000,2047.000
-0.000,483.000,513.000,2047.000
-0.000,483.000,513.000,2047.000
-0.000,484.000,513.000,2047.000
-0.000,483.000,513.000,2047.000
-0.000,483.000,513.000,2047.000
-0.000,483.000,513.000,2047.000
-0.000,483.000,513.000,2047.000
-0.000,483.000,513.000,2047.000
-0.000,483.000,513.000,2047.000
-0.000,483.000,513.000,2047.000
-0.000,483.000,513.000,2047.000
-0.000,483.000,513.000,2047.000
-0.000,483.000,513.000,2047.000
-0.000,483.000,513.000,2047.000
-0.000,482.000,513.000,2047.000
-0.000,482.000,513.000,2047.000
-0.000,482.000,513.000,2047.000
-0.000,481.000,513.000,2047.000
-0.000,481.000,513.000,2047.000
-0.000,480.000,513.000,2047.000
-0.000,479.000,513.000,2047.000
-0.000,479.000,513.000,2047.000
-0.000,478.000,513.000,2047.000
-0.000,477.000,513.000,2047.000
-0.000,476.000,513.000,2047.000
-0.000,475.000,513.000,2047.000
-0.000,474.000,513.000,2047.000
-0.000,474.000,513.000,2047.000
-0.000,473.000,513.000,2047.000
-0.000,472.000,513.000,2047.000
-0.000,471.000,513.000,2047.000
-0.000,470.000,513.000,2047.000
-0.000,469.000,513.000,2047.000
-0.000,468.000,513.000,2047.000
-0.000,467.000,513.000,2047.000
-0.000,466.000,513.000,2047.000
-0.000,465.000,513.000,2047.000
34.180,463.000,513.000,2047.000
34.180,462.000,513.000,2047.000
83.008,461.000,513.000,2047.000
83.008,460.000,513.000,2047.000
131.836,458.000,513.000,2047.000
131.836,457.000,513.000,2047.000
180.664,456.000,513.000,2047.000
180.664,454.000,513.000,2047.000
224.609,453.000,513.000,2047.000
224.609,452.000,513.000,2047.000
268.555,451.000,513.000,2047.000
268.555,450.000,513.000,2047.000
302.734,449.000,513.000,2047.000
302.734,448.000,513.000,2047.000
332.031,447.000,513.000,2047.000
332.031,446.000,513.000,2047.000
366.211,445.000,513.000,2047.000
366.211,443.000,513.000,2047.000
405.273,442.000,513.000,2047.000
405.273,441.000,513.000,2047.000
439.453,440.000,513.000,2047.000
439.453,439.000,513.000,2047.000
473.633,438.000,513.000,2047.000
473.633,436.000,513.000,2047.000
517.578,435.000,513.000,2047.000
517.578,433.000,513.000,2047.000
566.406,432.000,513.000,2047.000
566.406,430.000,513.000,2047.000
610.352,429.000,513.000,2047.000
610.352,428.000,513.000,2047.000
644.531,427.000,513.000,2047.000
644.531,427.000,513.000,2047.000
659.180,426.000,513.000,2047.000
659.180,426.000,513.000,2047.000
659.180,426.000,513.000,2047.000
659.180,426.000,513.000,2047.000
639.648,427.000,513.000,2047.000
639.648,427.000,513.000,2047.000
605.469,428.000,513.000,2047.000
605.469,429.000,513.000,2047.000
556.641,431.000,513.000,2047.000
556.641,432.000,513.000,2047.000
493.164,433.000,513.000,2047.000
493.164,434.000,513.000,2047.000
434.570,436.000,513.000,2047.000
434.570,437.000,513.000,2047.000
375.977,438.000,513.000,2047.000
375.977,439.000,513.000,2047.000
322.266,441.000,513.000,2047.000
322.266,442.000,513.000,2047.000
268.555,444.000,513.000,2047.000
268.555,445.000,513.000,2047.000
209.961,447.000,513.000,2047.000
209.961,448.000,513.000,2047.000
146.484,449.000,513.000,2047.000
146.484,451.000,513.000,2047.000
78.125,453.000,513.000,2047.000
78.125,455.000,513.000,2047.000
4.883,457.000,513.000,2047.000
4.883,459.000,513.000,2047.000
-0.000,461.000,513.000,2047.000
-0.000,463.000,513.000,2047.000
-0.000,465.000,537.000,0.000
-0.000,466.000,537.000,0.000
-0.000,468.000,537.000,2047.000
-0.000,470.000,537.000,2047.000
-0.000,471.000,537.000,2047.000
-0.000,473.000,537.000,2047.000
-0.000,475.000,537.000,2047.000
-0.000,476.000,537.000,2047.000
-0.000,477.000,537.000,2047.000
-0.000,479.000,537.000,2047.000
-0.000,480.000,537.000,2047.000
-0.000,481.000,537.000,2047.000
-0.000,482.000,537.000,2047.000
-0.000,483.000,537.000,2047.000
-0.000,484.000,537.000,2047.000
-0.000,485.000,537.000,2047.000
-0.000,486.000,537.000,2047.000
-0.000,486.000,537.000,2047.000
-0.000,487.000,537.000,2047.000
-0.000,487.000,537.000,2047.000
-0.000,488.000,537.000,2047.000
-0.000,488.000,537.000,2047.000
-0.000,489.000,537.000,2047.000
-0.000,489.000,537.000,2047.000
-0.000,489.000,537.000,2047.000
-0.000,489.000,537.000,2047.000
-0.000,489.000,537.000,2047.000
-0.000,489.000,537.000,2047.000
-0.000,489.000,537.000,2047.000
-0.000,489.000,537.000,2047.000
-0.000,489.000,537.000,2047.000
-0.000,489.000,537.000,2047.000
-0.000,488.000,537.000,2047.000
-0.000,488.000,537.000,2047.000
-0.000,488.000,537.000,2047.000
-0.000,487.000,537.000,2047.000
-0.000,487.000,537.000,2047.000
-0.000,486.000,537.000,2047.000
-0.000,486.000,537.000,2047.000
-0.000,485.000,537.000,2047.000
-0.000,485.000,537.000,2047.000
-0.000,484.000,537.000,2047.000
-0.000,483.000,537.000,2047.000
-0.000,483.000,537.000,2047.000
-0.000,482.000,537.000,2047.000
-0.000,482.000,537.000,2047.000
-0.000,482.000,537.000,2047.000
-0.000,481.000,537.000,2047.000
-0.000,481.000,537.000,2047.000
-0.000,480.000,537.000,2047.000
-0.000,480.000,537.000,2047.000
-0.000,479.000,537.000,2047.000
-0.000,479.000,537.000,2047.000
-0.000,479.000,537.000,2047.000
-0.000,478.000,537.000,2047.000
-0.000,477.000,537.000,2047.000
-0.000,477.000,537.000,2047.000
-0.000,476.000,537.000,2047.000
-0.000,475.000,537.000,2047.000
-0.000,475.000,537.000,2047.000
-0.000,474.000,537.000,2047.000
-0.000,473.000,537.000,2047.000
-0.000,473.000,537.000,2047.000
-0.000,472.000,537.000,2047.000
-0.000,471.000,537.000,2047.000
-0.000,470.000,537.000,2047.000
-0.000,469.000,537.000,2047.000
-0.000,468.000,537.000,2047.000
-0.000,467.000,537.000,2047.000
-0.000,466.000,537.000,2047.000
24.414,465.000,537.000,2047.000
24.414,464.000,537.000,2047.000
58.594,463.000,537.000,2047.000
58.594,463.000,537.000,2047.000
92.773,462.000,537.000,2047.000
92.773,461.000,537.000,2047.000
126.953,460.000,537.000,2047.000
126.953,458.000,537.000,2047.000
166.016,457.000,537.000,2047.000
166.016,456.000,537.000,2047.000
205.078,455.000,537.000,2047.000
205.078,454.000,537.000,2047.000
239.258,453.000,537.000,2047.000
239.258,452.000,537.000,2047.000
273.437,451.000,537.000,2047.000
273.437,450.000,537.000,2047.000
312.500,449.000,537.000,2047.000
312.500,448.000,537.000,2047.000
346.680,447.000,537.000,2047.000
346.680,446.000,537.000,2047.000
380.859,445.000,537.000,2047.000
380.859,443.000,537.000,2047.000
419.922,442.000,537.000,2047.000
419.922,440.000,537.000,2047.000
468.750,439.000,537.000,2047.000
468.750,437.000,537.000,2047.000
522.461,435.000,537.000,2047.000
522.461,433.000,537.000,2047.000
590.820,431.000,537.000,2047.000
590.820,429.000,537.000,2047.000
654.297,427.000,537.000,2047.000
654.297,426.000,537.000,2047.000
708.008,424.000,537.000,2047.000
708.008,423.000,537.000,2047.000
742.187,423.000,537.000,2047.000
742.187,423.000,537.000,2047.000
747.070,423.000,537.000,2047.000
747.070,423.000,537.000,2047.000
722.656,424.000,537.000,2047.000
722.656,426.000,537.000,2047.000
654.297,429.000,537.000,2047.000
654.297,432.000,537.000,2047.000
537.109,435.000,537.000,2047.000
537.109,438.000,537.000,2047.000
405.273,441.000,537.000,2047.000
405.273,442.000,537.000,2047.000
307.617,444.000,537.000,2047.000
307.617,445.000,537.000,2047.000
253.906,445.000,537.000,2047.000
253.906,445.000,537.000,2047.000
229.492,446.000,537.000,2047.000
229.492,446.000,537.000,2047.000
219.727,446.000,537.000,2047.000
219.727,446.000,537.000,2047.000
205.078,447.000,537.000,2047.000
205.078,447.000,537.000,2047.000
185.547,448.000,537.000,2047.000
185.547,450.000,537.000,2047.000
136.719,452.000,537.000,2047.000
136.719,454.000,537.000,2047.000
48.828,457.000,537.000,2047.000
48.828,460.000,537.000,2047.000
-0.000,463.000,537.000,2047.000
-0.000,466.000,537.000,2047.000
-0.000,468.000,537.000,0.000
-0.000,469.000,537.000,0.000
-0.000,471.000,537.000,2047.000
-0.000,472.000,537.000,2047.000
-0.000,472.000,537.000,2047.000
-0.000,473.000,537.000,2047.000
-0.000,473.000,537.000,2047.000
-0.000,473.000,537.000,2047.000
-0.000,473.000,537.000,2047.000
-0.000,474.000,537.000,2047.000
-0.000,474.000,537.000,2047.000
-0.000,474.000,537.000,2047.000
-0.000,475.000,537.000,2047.000
-0.000,475.000,537.000,2047.000
-0.000,476.000,537.000,2047.000
-0.000,477.000,537.000,2047.000
-0.000,477.000,537.000,2047.000
-0.000,478.000,537.000,2047.000
-0.000,478.000,537.000,2047.000
-0.000,479.000,537.000,2047.000
-0.000,479.000,537.000,2047.000
-0.000,479.000,537.000,2047.000
-0.000,479.000,537.000,2047.000
-0.000,479.000,537.000,2047.000
-0.000,480.000,537.000,2047.000
-0.000,480.000,537.000,2047.000
-0.000,480.000,537.000,2047.000
-0.000,480.000,537.000,2047.000
-0.000,480.000,537.000,2047.000
-0.000,480.000,537.000,2047.000
-0.000,480.000,537.000,2047.000
-0.000,481.000,537.000,2047.000
-0.000,481.000,537.000,2047.000
-0.000,481.000,537.000,2047.000
-0.000,481.000,537.000,2047.000
-0.000,481.000,537.000,2047.000
-0.000,481.000,537.000,2047.000
-0.000,481.000,537.000,2047.000
-0.000,481.000,537.000,2047.000
-0.000,481.000,537.000,2047.000
-0.000,480.000,537.000,2047.000
-0.000,480.000,537.000,2047.000
-0.000,480.000,537.000,2047.000
-0.000,480.000,537.000,2047.000
-0.000,480.000,537.000,2047.000
-0.000,481.000,537.000,2047.000
-0.000,481.000,537.000,2047.000
-0.000,481.000,537.000,2047.000
-0.000,481.000,537.000,2047.000
-0.000,481.000,537.000,2047.000
-0.000,480.000,537.000,2047.000
-0.000,480.000,537.000,2047.000
-0.000,480.000,537.000,2047.000
-0.000,479.000,537.000,2047.000
-0.000,479.000,537.000,2047.000
-0.000,479.000,537.000,2047.000
-0.000,478.000,537.000,2047.000
-0.000,477.000,537.000,2047.000
-0.000,476.000,537.000,2047.000
-0.000,476.000,537.000,2047.000
-0.000,475.000,537.000,2047.000
-0.000,474.000,537.000,2047.000
-0.000,473.000,537.000,2047.000
-0.000,473.000,537.000,2047.000
-0.000,472.000,537.000,2047.000
-0.000,471.000,537.000,2047.000
-0.000,470.000,537.000,2047.000
-0.000,469.000,537.000,2047.000
-0.000,468.000,537.000,2047.000
-0.000,467.000,537.000,2047.000
-0.000,466.000,537.000,2047.000
-0.000,465.000,537.000,2047.000
29.297,463.000,537.000,2047.000
29.297,462.000,537.000,2047.000
78.125,461.000,537.000,2047.000
78.125,460.000,537.000,2047.000
122.070,459.000,537.000,2047.000
122.070,458.000,537.000,2047.000
161.133,456.000,537.000,2047.000
161.133,455.000,537.000,2047.000
205.078,454.000,537.000,2047.000
205.078,453.000,537.000,2047.000
244.141,452.000,537.000,2047.000
244.141,451.000,537.000,2047.000
278.320,450.000,537.000,2047.000
278.320,449.000,537.000,2047.000
317.383,448.000,537.000,2047.000
317.383,447.000,537.000,2047.000
351.562,446.000,537.000,2047.000
351.562,444.000,537.000,2047.000
385.742,443.000,537.000,2047.000
385.742,442.000,537.000,2047.000
424.805,441.000,537.000,2047.000
424.805,439.000,537.000,2047.000
463.867,438.000,537.000,2047.000
463.867,437.000,537.000,2047.000
507.812,435.000,537.000,2047.000
507.812,434.000,537.000,2047.000
546.875,433.000,537.000,2047.000
546.875,432.000,537.000,2047.000
576.172,432.000,537.000,2047.000
576.172,431.000,537.000,2047.000
585.937,431.000,537.000,2047.000
585.937,431.000,537.000,2047.000
581.055,432.000,537.000,2047.000
581.055,433.000,537.000,2047.000
551.758,433.000,537.000,2047.000
551.758,435.000,537.000,2047.000
502.930,436.000,537.000,2047.000
502.930,437.000,537.000,2047.000
439.453,439.000,537.000,2047.000
439.453,440.000,537.000,2047.000
375.977,442.000,537.000,2047.000
375.977,443.000,537.000,2047.000
317.383,443.000,537.000,2047.000
317.383,444.000,537.000,2047.000
278.320,445.000,537.000,2047.000
278.320,446.000,537.000,2047.000
244.141,446.000,537.000,2047.000
244.141,447.000,537.000,2047.000
214.844,448.000,537.000,2047.000
214.844,449.000,537.000,2047.000
180.664,450.000,537.000,2047.000
180.664,451.000,537.000,2047.000
136.719,452.000,537.000,2047.000
136.719,454.000,537.000,2047.000
78.125,456.000,537.000,2047.000
78.125,458.000,537.000,2047.000
9.766,460.000,537.000,2047.000
9.766,462.000,537.000,2047.000
-0.000,464.000,537.000,2047.000
-0.000,466.000,537.000,2047.000
-0.000,467.000,529.000,0.000
-0.000,469.000,529.000,0.000
-0.000,470.000,529.000,2047.000
-0.000,471.000,529.000,2047.000
-0.000,473.000,529.000,2047.000
-0.000,474.000,529.000,2047.000
-0.000,475.000,529.000,2047.000
-0.000,477.000,529.000,2047.000
-0.000,478.000,529.000,2047.000
-0.000,479.000,529.000,2047.000
-0.000,480.000,529.000,2047.000
-0.000,481.000,529.000,2047.000
-0.000,482.000,529.000,2047.000
-0.000,483.000,529.000,2047.000
-0.000,484.000,529.000,2047.000
-0.000,484.000,529.000,2047.000
-0.000,485.000,529.000,2047.000
-0.000,486.000,529.000,2047.000
-0.000,486.000,529.000,2047.000
-0.000,487.000,529.000,2047.000
-0.000,488.000,529.000,2047.000
-0.000,488.000,529.000,2047.000
-0.000,489.000,529.000,2047.000
-0.000,489.000,529.000,2047.000
-0.000,489.000,529.000,2047.000
-0.000,490.000,529.000,2047.000
-0.000,490.000,529.000,2047.000
-0.000,490.000,529.000,2047.000
-0.000,490.000,529.000,2047.000
-0.000,490.000,529.000,2047.000
-0.000,489.000,529.000,2047.000
-0.000,489.000,529.000,2047.000
-0.000,488.000,529.000,2047.000
-0.000,488.000,529.000,2047.000
-0.000,487.000,529.000,2047.000
-0.000,487.000,529.000,2047.000
-0.000,486.000,529.000,2047.000
-0.000,486.000,529.000,2047.000
-0.000,485.000,529.000,2047.000
-0.000,485.000,529.000,2047.000
-0.000,484.000,529.000,2047.000
-0.000,483.000,529.000,2047.000
-0.000,482.000,529.000,2047.000
-0.000,482.000,529.000,2047.000
-0.000,481.000,529.000,2047.000
-0.000,480.000,529.000,2047.000
-0.000,480.000,529.000,2047.000
-0.000,479.000,529.000,2047.000
-0.000,478.000,529.000,2047.000
-0.000,477.000,529.000,2047.000
-0.000,477.000,529.000,2047.000
-0.000,476.000,529.000,2047.000
-0.000,475.000,529.000,2047.000
-0.000,474.000,529.000,2047.000
-0.000,473.000,529.000,2047.000
-0.000,473.000,529.000,2047.000
-0.000,472.000,529.000,2047.000
-0.000,471.000,529.000,2047.000
-0.000,471.000,529.000,2047.000
-0.000,470.000,529.000,2047.000
-0.000,469.000,529.000,2047.000
-0.000,468.000,529.000,2047.000
-0.000,468.000,529.000,2047.000
-0.000,467.000,529.000,2047.000
9.766,467.000,529.000,2047.000
9.766,466.000,529.000,2047.000
34.180,466.000,529.000,2047.000
34.180,465.000,529.000,2047.000
53.711,464.000,529.000,2047.000
53.711,463.000,529.000,2047.000
87.891,462.000,529.000,2047.000
87.891,462.000,529.000,2047.000
117.187,461.000,529.000,2047.000
117.187,460.000,529.000,2047.000
146.484,459.000,529.000,2047.000
146.484,458.000,529.000,2047.000
170.898,458.000,529.000,2047.000
170.898,457.000,529.000,2047.000
195.312,456.000,529.000,2047.000
195.312,455.000,529.000,2047.000
229.492,454.000,529.000,2047.000
229.492,453.000,529.000,2047.000
263.672,452.000,529.000,2047.000
263.672,451.000,529.000,2047.000
292.969,450.000,529.000,2047.000
292.969,449.000,529.000,2047.000
322.266,448.000,529.000,2047.000
322.266,447.000,529.000,2047.000
351.562,446.000,529.000,2047.000
351.562,445.000,529.000,2047.000
385.742,444.000,529.000,2047.000
385.742,443.000,529.000,2047.000
415.039,442.000,529.000,2047.000
415.039,440.000,529.000,2047.000
458.984,438.000,529.000,2047.000
458.984,436.000,529.000,2047.000
517.578,435.000,529.000,2047.000
517.578,432.000,529.000,2047.000
585.937,431.000,529.000,2047.000
585.937,428.000,529.000,2047.000
654.297,427.000,529.000,2047.000
654.297,425.000,529.000,2047.000
708.008,424.000,529.000,2047.000
708.008,423.000,529.000,2047.000
737.305,423.000,529.000,2047.000
737.305,422.000,529.000,2047.000
742.187,422.000,529.000,2047.000
742.187,423.000,529.000,2047.000
727.539,424.000,529.000,2047.000
727.539,425.000,529.000,2047.000
683.594,428.000,529.000,2047.000
683.594,430.000,529.000,2047.000
585.937,433.000,529.000,2047.000
585.937,436.000,529.000,2047.000
468.750,438.000,529.000,2047.000
468.750,440.000,529.000,2047.000
366.211,441.000,529.000,2047.000
366.211,442.000,529.000,2047.000
302.734,443.000,529.000,2047.000
302.734,443.000,529.000,2047.000
273.437,443.000,529.000,2047.000
273.437,444.000,529.000,2047.000
258.789,444.000,529.000,2047.000
258.789,444.000,529.000,2047.000
244.141,444.000,529.000,2047.000
244.141,445.000,529.000,2047.000
229.492,445.000,529.000,2047.000
229.492,446.000,529.000,2047.000
205.078,447.000,529.000,2047.000
205.078,449.000,529.000,2047.000
156.250,451.000,529.000,2047.000
156.250,454.000,529.000,2047.000
63.477,457.000,529.000,2047.000
63.477,460.000,529.000,2047.000
-0.000,462.000,529.000,2047.000
-0.000,464.000,529.000,2047.000
-0.000,466.000,545.000,0.000
-0.000,468.000,545.000,0.000
-0.000,469.000,545.000,2047.000
-0.000,470.000,545.000,2047.000
-0.000,470.000,545.000,2047.000
-0.000,471.000,545.000,2047.000
-0.000,471.000,545.000,2047.000
-0.000,471.000,545.000,2047.000
-0.000,472.000,545.000,2047.000
-0.000,472.000,545.000,2047.000
-0.000,472.000,545.000,2047.000
-0.000,473.000,545.000,2047.000
-0.000,473.000,545.000,2047.000
-0.000,474.000,545.000,2047.000
-0.000,475.000,545.000,2047.000
-0.000,477.000,545.000,2047.000
-0.000,478.000,545.000,2047.000
-0.000,479.000,545.000,2047.000
-0.000,480.000,545.000,2047.000
-0.000,480.000,545.000,2047.000
-0.000,480.000,545.000,2047.000
-0.000,481.000,545.000,2047.000
-0.000,481.000,545.000,2047.000
-0.000,481.000,545.000,2047.000
-0.000,481.000,545.000,2047.000
-0.000,481.000,545.000,2047.000
-0.000,481.000,545.000,2047.000
-0.000,481.000,545.000,2047.000
-0.000,481.000,545.000,2047.000
-0.000,481.000,545.000,2047.000
-0.000,481.000,545.000,2047.000
-0.000,481.000,545.000,2047.000
-0.000,481.000,545.000,2047.000
-0.000,480.000,545.000,2047.000
-0.000,480.000,545.000,2047.000
-0.000,480.000,545.000,2047.000
-0.000,480.000,545.000,2047.000
-0.000,480.000,545.000,2047.000
-0.000,480.000,545.000,2047.000
-0.000,480.000,545.000,2047.000
-0.000,480.000,545.000,2047.000
-0.000,479.000,545.000,2047.000
-0.000,479.000,545.000,2047.000
-0.000,479.000,545.000,2047.000
-0.000,479.000,545.000,2047.000
-0.000,478.000,545.000,2047.000
-0.000,478.000,545.000,2047.000
-0.000,478.000,545.000,2047.000
-0.000,477.000,545.000,2047.000
-0.000,477.000,545.000,2047.000
-0.000,477.000,545.000,2047.000
-0.000,476.000,545.000,2047.000
-0.000,476.000,545.000,2047.000
-0.000,476.000,545.000,2047.000
-0.000,475.000,545.000,2047.000
-0.000,475.000,545.000,2047.000
-0.000,474.000,545.000,2047.000
-0.000,473.000,545.000,2047.000
-0.000,472.000,545.000,2047.000
-0.000,471.000,545.000,2047.000
-0.000,470.000,545.000,2047.000
-0.000,469.000,545.000,2047.000
-0.000,468.000,545.000,2047.000
-0.000,467.000,545.000,2047.000
-0.000,466.000,545.000,2047.000
-0.000,465.000,545.000,2047.000
-0.000,464.000,545.000,2047.000
-0.000,463.000,545.000,2047.000
39.062,462.000,545.000,2047.000
39.062,461.000,545.000,2047.000
78.125,460.000,545.000,2047.000
78.125,459.000,545.000,2047.000
117.187,457.000,545.000,2047.000
117.187,456.000,545.000,2047.000
156.250,455.000,545.000,2047.000
156.250,454.000,545.000,2047.000
195.312,453.000,545.000,2047.000
195.312,452.000,545.000,2047.000
234.375,451.000,545.000,2047.000
234.375,450.000,545.000,2047.000
273.437,449.000,545.000,2047.000
273.437,448.000,545.000,2047.000
307.617,447.000,545.000,2047.000
307.617,446.000,545.000,2047.000
341.797,445.000,545.000,2047.000
341.797,444.000,545.000,2047.000
375.977,443.000,545.000,2047.000
375.977,442.000,545.000,2047.000
405.273,441.000,545.000,2047.000
405.273,440.000,545.000,2047.000
439.453,438.000,545.000,2047.000
439.453,437.000,545.000,2047.000
468.750,436.000,545.000,2047.000
468.750,435.000,545.000,2047.000
502.930,434.000,545.000,2047.000
502.930,433.000,545.000,2047.000
537.109,432.000,545.000,2047.000
537.109,431.000,545.000,2047.000
561.523,430.000,545.000,2047.000
561.523,430.000,545.000,2047.000
581.055,430.000,545.000,2047.000
581.055,429.000,545.000,2047.000
581.055,429.000,545.000,2047.000
581.055,430.000,545.000,2047.000
566.406,431.000,545.000,2047.000
566.406,432.000,545.000,2047.000
522.461,434.000,545.000,2047.000
522.461,436.000,545.000,2047.000
449.219,438.000,545.000,2047.000
449.219,440.000,545.000,2047.000
356.445,443.000,545.000,2047.000
356.445,445.000,545.000,2047.000
263.672,447.000,545.000,2047.000
263.672,448.000,545.000,2047.000
185.547,450.000,545.000,2047.000
185.547,450.000,545.000,2047.000
131.836,452.000,545.000,2047.000
131.836,453.000,545.000,2047.000
87.891,454.000,545.000,2047.000
87.891,456.000,545.000,2047.000
29.297,458.000,545.000,2047.000
29.297,460.000,545.000,2047.000
-0.000,462.000,545.000,2047.000
-0.000,465.000,545.000,2047.000
-0.000,467.000,497.000,0.000
-0.000,469.000,497.000,0.000
-0.000,471.000,497.000,2047.000
-0.000,473.000,497.000,2047.000
-0.000,475.000,497.000,2047.000
-0.000,476.000,497.000,2047.000
-0.000,478.000,497.000,2047.000
-0.000,479.000,497.000,2047.000
-0.000,480.000,497.000,2047.000
-0.000,481.000,497.000,2047.000
-0.000,482.000,497.000,2047.000
-0.000,482.000,497.000,2047.000
-0.000,484.000,497.000,2047.000
-0.000,485.000,497.000,2047.000
-0.000,486.000,497.000,2047.000
-0.000,487.000,497.000,2047.000
-0.000,489.000,497.000,2047.000
-0.000,490.000,497.000,2047.000
-0.000,491.000,497.000,2047.000
-0.000,492.000,497.000,2047.000
-0.000,493.000,497.000,2047.000
-0.000,494.000,497.000,2047.000
-0.000,494.000,497.000,2047.000
-0.000,495.000,497.000,2047.000
-0.000,496.000,497.000,2047.000
-0.000,496.000,497.000,2047.000
-0.000,497.000,497.000,2047.000
-0.000,497.000,497.000,2047.000
-0.000,497.000,497.000,2047.000
-0.000,497.000,497.000,2047.000
-0.000,497.000,497.000,2047.000
-0.000,497.000,497.000,2047.000
-0.000,497.000,497.000,2047.000
-0.000,497.000,497.000,2047.000
-0.000,497.000,497.000,2047.000
-0.000,497.000,497.000,2047.000
-0.000,497.000,497.000,2047.000
-0.000,497.000,497.000,2047.000
-0.000,497.000,497.000,2047.000
-0.000,497.000,497.000,2047.000
-0.000,496.000,497.000,2047.000
-0.000,496.000,497.000,2047.000
-0.000,495.000,497.000,2047.000
-0.000,495.000,497.000,2047.000
-0.000,495.000,497.000,2047.000
-0.000,494.000,497.000,2047.000
-0.000,493.000,497.000,2047.000
-0.000,492.000,497.000,2047.000
-0.000,492.000,497.000,2047.000
-0.000,491.000,497.000,2047.000
-0.000,490.000,497.000,2047.000
-0.000,489.000,497.000,2047.000
-0.000,488.000,497.000,2047.000
-0.000,488.000,497.000,2047.000
-0.000,487.000,497.000,2047.000
-0.000,486.000,497.000,2047.000
-0.000,485.000,497.000,2047.000
-0.000,484.000,497.000,2047.000
-0.000,483.000,497.000,2047.000
-0.000,482.000,497.000,2047.000
-0.000,481.000,497.000,2047.000
-0.000,481.000,497.000,2047.000
-0.000,480.000,497.000,2047.000
-0.000,479.000,497.000,2047.000
-0.000,478.000,497.000,2047.000
-0.000,477.000,497.000,2047.000
-0.000,477.000,497.000,2047.000
-0.000,476.000,497.000,2047.000
-0.000,475.000,497.000,2047.000
-0.000,474.000,497.000,2047.000
-0.000,473.000,497.000,2047.000
-0.000,472.000,497.000,2047.000
-0.000,471.000,497.000,2047.000
-0.000,470.000,497.000,2047.000
19.531,469.000,497.000,2047.000
19.531,468.000,497.000,2047.000
53.711,468.000,497.000,2047.000
53.711,467.000,497.000,2047.000
87.891,466.000,497.000,2047.000
87.891,465.000,497.000,2047.000
122.070,464.000,497.000,2047.000
122.070,463.000,497.000,2047.000
156.250,462.000,497.000,2047.000
156.250,462.000,497.000,2047.000
180.664,461.000,497.000,2047.000
180.664,460.000,497.000,2047.000
205.078,460.000,497.000,2047.000
205.078,459.000,497.000,2047.000
224.609,458.000,497.000,2047.000
224.609,458.000,497.000,2047.000
249.023,457.000,497.000,2047.000
249.023,456.000,497.000,2047.000
268.555,455.000,497.000,2047.000
268.555,455.000,497.000,2047.000
292.969,454.000,497.000,2047.000
292.969,452.000,497.000,2047.000
322.266,451.000,497.000,2047.000
322.266,450.000,497.000,2047.000
361.328,449.000,497.000,2047.000
361.328,447.000,497.000,2047.000
405.273,446.000,497.000,2047.000
405.273,444.000,497.000,2047.000
458.984,443.000,497.000,2047.000
458.984,441.000,497.000,2047.000
507.812,440.000,497.000,2047.000
507.812,439.000,497.000,2047.000
546.875,438.000,497.000,2047.000
546.875,437.000,497.000,2047.000
571.289,437.000,497.000,2047.000
571.289,437.000,497.000,2047.000
576.172,437.000,497.000,2047.000
576.172,438.000,497.000,2047.000
556.641,439.000,497.000,2047.000
556.641,440.000,497.000,2047.000
517.578,441.000,497.000,2047.000
517.578,442.000,497.000,2047.000
458.984,444.000,497.000,2047.000
458.984,445.000,497.000,2047.000
400.391,446.000,497.000,2047.000
400.391,447.000,497.000,2047.000
351.562,447.000,497.000,2047.000
351.562,448.000,497.000,2047.000
317.383,448.000,497.000,2047.000
317.383,448.000,497.000,2047.000
302.734,448.000,497.000,2047.000
302.734,448.000,497.000,2047.000
297.852,448.000,497.000,2047.000
297.852,448.000,497.000,2047.000
292.969,448.000,497.000,2047.000
292.969,448.000,497.000,2047.000
283.203,449.000,497.000,2047.000
